#Table1
bestObjID,ra,dec,z,class,z1,velDisp,velDispErr,survey
1237655123930906774,173.89577,3.8233017,0.2817722,GALAXY,0.2817722,245.9243,16.01241,boss
1237654604258083498,173.98415,4.0056938,0.5882602,GALAXY,0.5882602,285.0847,31.29743,boss
1237655124467778299,174.01646,4.0774809,0.644595,GALAXY,0.644595,275.0083,58.3654,boss
1237655124467778267,173.954,4.1368112,0.7131816,GALAXY,0.7131816,251.942,44.93248,boss
1237655124467712555,173.877,4.1641529,0.3089471,GALAXY,0.3089471,184.2861,40.46421,boss
1237655124467516054,173.27808,4.232194,0,GALAXY,0,0,-7,boss
1237655124467712092,173.8283,4.1887985,0.2660364,GALAXY,0.2660364,236.2887,12.59023,boss
1237654604794889270,173.85293,4.3139204,0.5311428,GALAXY,0.5311428,183.4894,34.40264,boss
1237654604794954296,174.02109,4.3106237,0.3384641,GALAXY,0.3384641,189.4129,26.3788,boss
1237654604794953978,173.99826,4.3794798,0.4274835,GALAXY,0.4274835,187.625,23.0892,boss
1237655123930775795,173.6499,3.7840436,0.360644,GALAXY,0.360644,172.1379,27.36943,boss
1237655123930841363,173.77955,3.7134244,0.3374389,GALAXY,0.3374389,280.9113,19.99531,boss
1237654604257951973,173.74121,3.9840311,0.3114328,GALAXY,0.3114328,225.877,15.03524,boss
1237655124467712181,173.81058,4.0754168,0.273394,GALAXY,0.273394,91.26429,25.71879,boss
1237654604794888606,173.82115,4.3618121,0.4376657,GALAXY,0.4376657,249.2605,31.208,boss
1237655124467646657,173.62396,4.0821273,0.2797205,GALAXY,0.2797205,215.9605,13.05307,boss
1237654604794823087,173.68978,4.3408205,0.5697601,GALAXY,0.5697601,242.7707,34.02331,boss
1237654604794822951,173.71784,4.3234688,0.4740062,GALAXY,0.4740062,273.0885,36.55293,boss
1237654604794888394,173.82468,4.318987,0.312491,GALAXY,0.312491,256.6697,20.15971,boss
1237651755081204395,173.51592,3.3530114,0.5266709,GALAXY,0.5266709,223.6155,40.33863,boss
1237655123930841288,173.81709,3.7355732,0.5222757,GALAXY,0.5222757,182.6246,38.2911,boss
0,173.62783,3.3362528,0.9978095,GALAXY,0.9978095,0,0,boss
1237651755081335064,173.72638,3.4031876,0.6895797,GALAXY,0.6895797,13.07013,76.40736,boss
1237651755081204554,173.50121,3.3010224,0.5422116,GALAXY,0.5422116,165.4478,37.82284,boss
1237654031403319891,173.8037,3.6045354,0.6861174,GALAXY,0.6861174,213.7036,47.12511,boss
1237651755081269603,173.56959,3.409372,0.4203222,GALAXY,0.4203222,267.7906,26.61589,boss
1237654031403254221,173.72937,3.6407322,0.4618599,GALAXY,0.4618599,155.0514,23.4503,boss
1237651755081335014,173.6969,3.4346609,0.4195551,GALAXY,0.4195551,211.6331,20.49851,boss
1237654031403254145,173.69789,3.5571091,0.5892581,GALAXY,0.5892581,128.5411,31.80343,boss
1237654031403188645,173.54087,3.5782224,0.4643025,GALAXY,0.4643025,215.4523,36.84006,boss
1237654031403254065,173.64272,3.5485332,0.5910865,GALAXY,0.5910865,235.8147,31.42545,boss
1237655123930710709,173.57667,3.6645276,0.4649906,GALAXY,0.4649906,212.9615,35.73691,boss
1237654031403188879,173.53774,3.5065115,0.5870199,GALAXY,0.5870199,200.5883,27.50558,boss
1237655123930841399,173.79686,3.6929954,0.5880966,GALAXY,0.5880966,276.7168,31.19762,boss
1237655123930710267,173.56632,3.7063859,0.1814831,GALAXY,0.1814831,46.6842,51.25415,boss
1237655123930710592,173.48157,3.7403717,0.5432633,GALAXY,0.5432633,198.9491,24.71872,boss
1237655123930710381,173.50609,3.7304946,0.3657286,GALAXY,0.3657286,209.4549,23.23175,boss
1237655123930710604,173.49093,3.7732735,0.572271,GALAXY,0.572271,171.2836,30.2913,boss
1237654606404780273,172.24741,5.561338,0.5282905,GALAXY,0.5282905,182.4888,26.00166,boss
1237654606404780561,172.19801,5.7032488,0.4361494,GALAXY,0.4361494,235.6455,21.22606,boss
1237654606404780214,172.23126,5.5319971,0.1521279,GALAXY,0.1521279,253.0336,8.16284,boss
1237654606404780665,172.23358,5.6136698,0.1511102,GALAXY,0.1511102,55.37178,26.22598,boss
1237655125540733510,172.18607,5.0427327,0.600288,GALAXY,0.600288,57.77103,53.76823,boss
1237655126077669903,172.27562,5.4234225,0.8075925,GALAXY,0.8075925,136.5515,48.08905,boss
1237655126077604553,172.19928,5.4951458,0.4017255,GALAXY,0.4017255,118.3135,53.5945,boss
1237655126077669922,172.28401,5.4417358,0.4642845,GALAXY,0.4642845,162.7945,41.50946,boss
1237654605867909858,172.2456,5.1758422,0.6341901,GALAXY,0.6341901,247.7849,46.92708,boss
1237654606404780624,172.22268,5.6313928,0.4656137,GALAXY,0.4656137,261.1702,27.50457,boss
1237655125540798681,172.24171,5.0447093,0.3185033,GALAXY,0.3185033,0,39.036,boss
1237655125540799181,172.23137,5.0688901,0.6273819,GALAXY,0.6273819,255.6495,40.03129,boss
1237655125540733553,172.20303,5.0614755,0.3329163,GALAXY,0.3329163,138.7171,20.07542,boss
1237655126077604538,172.19805,5.3484046,0.5732767,GALAXY,0.5732767,282.5284,51.42595,boss
1237655126077669562,172.22548,5.3126278,0.2289538,GALAXY,0.2289538,236.5407,9.854881,boss
1237654605330973510,172.02482,4.7884136,0.5246327,GALAXY,0.5246327,233.2521,51.57937,boss
1237655125540733217,172.06736,4.9055443,0.362131,GALAXY,0.362131,251.8809,18.99586,boss
1237655125003796845,171.99872,4.6308719,0.5808509,GALAXY,0.5808509,192.5592,37.54586,boss
1237654605330972888,172.10332,4.8501981,0.5619907,GALAXY,0.5619907,106.979,20.7801,boss
1237655125540733252,172.07601,4.9659706,0.5430049,GALAXY,0.5430049,311.2828,37.52778,boss
0,172.01841,4.8671567,0.7251869,GALAXY,0.7251869,333.3955,225.7106,boss
1237654605330907670,171.93966,4.6694111,0.4116247,GALAXY,0.4116247,0,78.25856,boss
1237654605330973196,172.07062,4.8193316,0.4627388,GALAXY,0.4627388,224.0464,26.77098,boss
1237654605330973133,172.04798,4.8739582,0.412601,GALAXY,0.412601,239.4958,27.60159,boss
1237654605330907647,171.93079,4.723896,0.4686951,GALAXY,0.4686951,144.9956,18.08603,boss
1237655125003796891,172.0211,4.5972744,0.5593968,GALAXY,0.5593968,118.8211,46.01103,boss
1237655125003796741,171.93635,4.503607,0.5825583,GALAXY,0.5825583,212.6874,44.35896,boss
1237655125003796920,172.03691,4.6071584,0.4130765,GALAXY,0.4130765,274.3934,53.5945,boss
1237654605330908040,171.95114,4.7594071,0.5248713,GALAXY,0.5248713,182.2176,36.59115,boss
1237655125003797035,171.97308,4.4957946,0.5629225,GALAXY,0.5629225,138.5185,52.048,boss
1237654604794036692,171.92519,4.3784503,0.5265753,GALAXY,0.5265753,204.723,34.04063,boss
1237654605867975270,172.37066,5.3008894,0.5199236,GALAXY,0.5199236,241.2267,47.069,boss
1237655126614540751,172.27681,5.7234885,0.4977348,GALAXY,0.4977348,186.1766,32.72983,boss
1237655126077735241,172.36924,5.3548614,0.5205988,GALAXY,0.5205988,163.2871,51.40604,boss
1237655126614540794,172.29203,5.747258,0.4982475,GALAXY,0.4982475,203.9395,39.71556,boss
1237654606404780279,172.28761,5.6275248,0.4966138,GALAXY,0.4966138,189.8512,31.68938,boss
1237655125540864226,172.37178,5.0109403,0.449274,GALAXY,0.449274,185.3367,28.47286,boss
1237654606404780836,172.28994,5.5556683,0.5522585,GALAXY,0.5522585,189.419,29.60173,boss
1237655125540799276,172.36005,4.9964163,0.545993,GALAXY,0.545993,241.5005,32.35792,boss
1237655126077670246,172.34737,5.3937216,0.6404945,GALAXY,0.6404945,158.8247,90.94727,boss
1237654605867975130,172.32747,5.1480556,0.4977465,GALAXY,0.4977465,95.27784,24.38418,boss
1237655125540799062,172.32725,5.0558354,0.6160641,GALAXY,0.6160641,196.0462,53.60954,boss
1237655125540798912,172.26401,4.9199144,0.5763093,GALAXY,0.5763093,304.6266,37.49428,boss
1237655125540798876,172.25253,4.9899252,0.5220048,GALAXY,0.5220048,252.8277,27.83872,boss
1237655125540798648,172.25105,4.9546218,0.2886998,GALAXY,0.2886998,172.4011,12.81107,boss
1237651755081073170,173.17278,3.4308189,0.525018,GALAXY,0.525018,234.9284,31.37556,boss
1237651755081138551,173.24992,3.412368,0.3595877,GALAXY,0.3595877,247.7228,20.38754,boss
1237651755081138872,173.32665,3.4901646,0.5883568,GALAXY,0.5883568,219.2618,30.79772,boss
1237654031403057796,173.28369,3.6187138,0.5636063,GALAXY,0.5636063,212.3245,27.65618,boss
1237651755081073152,173.16712,3.3848907,0.5268174,GALAXY,0.5268174,263.8525,35.08654,boss
1237655123930579657,173.21863,3.6932185,0.562901,GALAXY,0.562901,214.2516,73.72411,boss
1237655123930644568,173.293,3.7131679,0.1458229,GALAXY,0.1458229,241.103,9.511643,boss
1237655123930579453,173.27603,3.6678353,0.5643487,GALAXY,0.5643487,195.3969,31.48472,boss
1237655123930579106,173.19382,3.6694101,0.564616,GALAXY,0.564616,259.8225,77.20375,boss
1237654031403057562,173.19127,3.625156,0.3483205,GALAXY,0.3483205,229.8925,23.21463,boss
1237655123930513792,173.08683,3.7447285,0.6495956,GALAXY,0.6495956,296.4482,32.30511,boss
1237655123930514144,173.13498,3.7528288,0.6542529,GALAXY,0.6542529,246.9206,45.54728,boss
1237654604257755589,173.24881,3.9012081,0.7544454,GALAXY,0.7544454,850,-3,boss
1237654604257690250,173.16786,4.0544715,0.5123487,GALAXY,0.5123487,241.9226,33.75347,boss
1237655124467450428,173.27413,4.1939004,0.6458294,GALAXY,0.6458294,217.7831,33.81938,boss
1237655124467449888,173.18599,4.1362617,0.06206259,GALAXY,0.06206259,158.3334,3.971498,boss
1237655124467450249,173.16867,4.2301216,0.4438851,GALAXY,0.4438851,95.96806,28.21163,boss
1237654604257689937,173.14534,3.9746685,0.358219,GALAXY,0.358219,262.5425,21.40384,boss
1237654604794561456,173.21328,4.3040863,0.5715571,GALAXY,0.5715571,175.3033,32.04168,boss
1237654604794560743,173.20206,4.3252343,0.3187597,GALAXY,0.3187597,222.3221,17.75095,boss
1237654604794626469,173.24196,4.2907452,0.5620684,GALAXY,0.5620684,200.0787,43.53842,boss
1237654604257689733,173.10942,3.9516579,0.09147139,GALAXY,0.09147139,180.1182,4.812215,boss
1237654604794561063,173.11446,4.3078293,0.5595431,GALAXY,0.5595431,161.1413,25.95713,boss
1237654030866055780,172.95669,3.0792642,0.585705,GALAXY,0.585705,286.9331,31.91395,boss
1237654030866121193,173.0762,3.1078738,0.5820814,GALAXY,0.5820814,137.5108,47.13023,boss
1237651754544136368,173.01347,3.0043223,0.3101041,GALAXY,0.3101041,211.8313,12.93925,boss
1237651755081007622,173.01499,3.3890768,0.5215312,GALAXY,0.5215312,62.03465,36.38243,boss
1237651755081007448,172.94241,3.3682641,0.5236594,GALAXY,0.5236594,216.5659,40.3675,boss
1237654031402992497,173.10999,3.5313479,0.5870767,GALAXY,0.5870767,227.9588,31.58271,boss
1237654030866055779,172.9549,3.254172,0.4650706,GALAXY,0.4650706,202.1733,30.04728,boss
1237651755081007679,173.04389,3.4902688,0.5186436,GALAXY,0.5186436,203.481,17.85093,boss
1237651755081073025,173.1209,3.373965,0.3017957,GALAXY,0.3017957,214.1353,16.29053,boss
1237655123930579513,173.13919,3.6773589,0.6496097,GALAXY,0.6496097,528.3636,85.49307,boss
1237651754544071098,172.83204,3.0102356,0.4663049,GALAXY,0.4663049,211.0281,28.01848,boss
1237654030866055786,172.9572,3.2279256,0.5851223,GALAXY,0.5851223,273.7256,48.16525,boss
1237655123930513882,173.12185,3.6707959,0.346598,GALAXY,0.346598,181.5471,16.06641,boss
1237655123930579306,173.17706,3.674771,0.6562436,GALAXY,0.6562436,269.0397,52.68605,boss
1237654031402992397,173.16183,3.6292678,0.6505887,GALAXY,0.6505887,282.7112,49.57815,boss
1237655123930448481,172.96498,3.7273368,0.5357429,GALAXY,0.5357429,208.8048,33.88758,boss
1237655123930513682,173.02613,3.7888255,0.4734536,GALAXY,0.4734536,234.9254,22.10105,boss
1237654604257559289,172.85224,3.9582635,0.5466192,GALAXY,0.5466192,223.1994,40.48363,boss
1237655124467384845,173.08222,4.1580329,0.3515746,GALAXY,0.3515746,188.8297,23.67126,boss
1237654604257559025,172.87536,3.9630359,0.6545387,GALAXY,0.6545387,850,-3,boss
1237655123930448231,172.92633,3.8185888,0.3491691,GALAXY,0.3491691,204.1181,16.1353,boss
1237655124467384538,172.99985,4.0702942,0.5070413,GALAXY,0.5070413,241.8307,30.09907,boss
1237654604257624488,172.97015,4.0057603,0.6550267,GALAXY,0.6550267,188.2449,35.076,boss
1237654604257624847,172.99367,4.0233101,0.6551273,GALAXY,0.6551273,234.5931,38.74876,boss
1237654599956431107,158.41234,3.2904664,0.4769289,GALAXY,0.4769289,262.4857,38.26645,boss
1237651755074650629,158.38554,3.1322833,0.631474,GALAXY,0.631474,174.593,29.20092,boss
1237654604251267563,158.42457,3.5379148,0.4769019,GALAXY,0.4769019,103.4637,35.71909,boss
1237654604251267346,158.41428,3.507556,0.3141215,GALAXY,0.3141215,192.5826,19.93044,boss
1237654604251202148,158.36791,3.4279928,0.4735863,GALAXY,0.4735863,262.1896,40.37393,boss
1237654604251201705,158.33852,3.4783927,0.1538021,GALAXY,0.1538021,155.6228,8.646659,boss
1237654600493302295,158.41516,3.8259735,0.4679612,GALAXY,0.4679612,227.6308,39.23502,boss
0,158.38196,3.5115833,0.2795883,GALAXY,0.2795883,0,0,boss
1237654600493302231,158.37576,3.7835243,0.5871741,GALAXY,0.5871741,280.6192,34.78672,boss
0,158.38866,3.7167302,0.1455784,GALAXY,0.1455784,508.5133,184.4449,boss
1237654600493302321,158.43381,3.6825449,0.5352867,GALAXY,0.5352867,319.1888,139.3942,boss
1237654600493236396,158.28826,3.8052862,0.2696489,GALAXY,0.2696489,279.7098,17.92949,boss
1237654601030173361,158.33827,4.2343618,0.5983812,GALAXY,0.5983812,237.036,41.00879,boss
1237654601030173121,158.35321,4.1556467,0.3834022,GALAXY,0.3834022,300.9081,33.67488,boss
1237654601030173092,158.33799,4.0844429,0.4319769,GALAXY,0.4319769,231.2018,31.62741,boss
1237654604788138536,158.36941,3.9709953,0.4776233,GALAXY,0.4776233,106.3068,26.46074,boss
1237654604788138632,158.39743,3.9917685,0.4692325,GALAXY,0.4692325,263.8928,47.20709,boss
1237654604788072845,158.31531,3.9296337,0.5747476,GALAXY,0.5747476,148.9555,35.73691,boss
1237654605325009223,158.42328,4.3497846,0.2524752,GALAXY,0.2524752,250.3521,13.26614,boss
1237654601030107659,158.26429,4.1647584,0.356496,GALAXY,0.356496,299.2124,30.25202,boss
1237654605324943981,158.26491,4.465193,0.3734694,GALAXY,0.3734694,200.7774,25.63612,boss
1237654605324943730,158.27754,4.3376832,0.4833827,GALAXY,0.4833827,155.9938,35.9937,boss
1237654601567043843,158.30372,4.5066152,0.2216627,GALAXY,0.2216627,170.1053,15.39191,boss
1237654604251201988,158.28654,3.5388012,0.5386423,GALAXY,0.5386423,207.5324,33.00372,boss
0,158.21526,3.3359693,0.1464095,GALAXY,0.1464095,0,0,boss
1237651755074454217,158.06879,3.0769153,0.7298033,GALAXY,0.7298033,258.5917,82.18648,boss
1237654599956300385,158.13405,3.2125238,0.6513005,GALAXY,0.6513005,339.553,103.1721,boss
1237654604251136653,158.21378,3.4398708,0.1281049,GALAXY,0.1281049,529.4068,131.7419,boss
1237654604788072807,158.24829,3.8857118,0.5823206,GALAXY,0.5823206,269.3038,40.18249,boss
1237654599956300275,158.05965,3.2509749,0.5385672,GALAXY,0.5385672,186.3116,29.61567,boss
1237654604788073347,158.26468,3.8736854,0.5776935,GALAXY,0.5776935,284.1491,84.77007,boss
1237654604251202005,158.30158,3.5117872,0.5346352,GALAXY,0.5346352,236.6667,71.37596,boss
1237654604251136263,158.16064,3.6247629,0.2827534,GALAXY,0.2827534,234.0253,16.89861,boss
1237654600493236630,158.24949,3.6871245,0.5558911,GALAXY,0.5558911,176.9644,65.33334,boss
1237654601030042407,158.11366,4.1237749,0.5794454,GALAXY,0.5794454,224.1035,48.0565,boss
1237654604788007222,158.18689,3.935551,0.3263179,GALAXY,0.3263179,205.6229,18.26455,boss
1237654601030107732,158.14967,4.1511795,0.6669708,GALAXY,0.6669708,295.8511,52.24881,boss
1237654604788007190,158.06326,3.9896676,0.3263172,GALAXY,0.3263172,178.1665,15.67517,boss
1237655123930710344,173.47548,3.8218392,0.5714406,GALAXY,0.5714406,241.6651,31.24071,boss
1237654604257821360,173.49735,3.9410873,0.4653148,GALAXY,0.4653148,136.7601,29.72535,boss
1237655123930710607,173.4922,3.8335694,0.5712915,GALAXY,0.5712915,168.2455,33.76662,boss
0,173.49579,4.1873086,0.6482739,GALAXY,0.6482739,14.78921,96.35233,boss
1237655124467581324,173.46647,4.1309346,0.3387794,GALAXY,0.3387794,219.6312,16.46621,boss
1237654604794757627,173.53522,4.3499549,0.6337497,GALAXY,0.6337497,239.5613,39.61501,boss
1237654604794757337,173.55495,4.329223,0.3375634,GALAXY,0.3375634,202.8345,17.06988,boss
1237655124467581490,173.55733,4.0881394,0.5661487,GALAXY,0.5661487,193.6655,67.94683,boss
1237651755081203890,173.48389,3.4513801,0.5417894,GALAXY,0.5417894,251.6866,34.9211,boss
1237654030866252437,173.34449,3.2286944,0.5886574,GALAXY,0.5886574,152.8177,29.01428,boss
1237651755081204129,173.40343,3.4700269,0.3500033,GALAXY,0.3500033,197.1154,15.38835,boss
1237654030866317601,173.49356,3.1717444,0.7475857,GALAXY,0.7475857,123.7853,29.26312,boss
1237651755081204307,173.47151,3.4066438,0.5424803,GALAXY,0.5424803,176.2203,42.44091,boss
1237654030866186419,173.31597,3.2803616,0.297999,GALAXY,0.297999,302.9198,26.52339,boss
1237654031403188527,173.48207,3.5049014,0.5888825,GALAXY,0.5888825,251.8495,37.09662,boss
1237655123930645157,173.41549,3.677251,0.5454486,GALAXY,0.5454486,287.2847,37.71236,boss
1237651755081204493,173.42672,3.4935326,0.5888315,GALAXY,0.5888315,155.0294,40.63676,boss
1237654030866186784,173.29706,3.168246,0.5469025,GALAXY,0.5469025,181.1509,27.16942,boss
0,173.38713,3.6744208,0.81254,GALAXY,0.81254,761.1979,326.5986,boss
1237654031403123043,173.36025,3.5463421,0.5459737,GALAXY,0.5459737,144.1786,29.38997,boss
1237654031403123301,173.44903,3.6219089,0.3604226,GALAXY,0.3604226,230.5351,17.53326,boss
1237655123930645144,173.40707,3.6396094,0.5233949,GALAXY,0.5233949,200.3201,55.22168,boss
0,173.3888,3.7114995,0.8105423,GALAXY,0.8105423,850,-3,boss
1237655123930644870,173.37616,3.7239193,0.4647546,GALAXY,0.4647546,254.8784,41.65692,boss
1237655123930644917,173.40332,3.7408056,0.5229931,GALAXY,0.5229931,299.9846,50.31422,boss
1237655123930579760,173.28511,3.779008,0.540648,GALAXY,0.540648,148.4804,36.94549,boss
1237655123930645111,173.37986,3.7579398,0.5714793,GALAXY,0.5714793,215.4403,32.38939,boss
1237654604257755783,173.32111,3.8850763,0.5641078,GALAXY,0.5641078,174.4443,33.82127,boss
1237655124467515964,173.39388,4.148504,0.464582,GALAXY,0.464582,180.1256,25.88231,boss
1237654604257755833,173.33208,3.9751029,0.5426734,GALAXY,0.5426734,257.1404,29.73433,boss
1237654604257755676,173.29231,3.8679915,0.4447932,GALAXY,0.4447932,245.1841,28.20287,boss
1237655124467515941,173.3859,4.1113675,0.4630076,GALAXY,0.4630076,211.541,20.14372,boss
1237655124467515888,173.34651,4.1842176,0.5274971,GALAXY,0.5274971,245.3925,27.20475,boss
1237655124467516117,173.31538,4.1538319,0.5308999,GALAXY,0.5308999,227.4219,37.13157,boss
1237655124467515860,173.33069,4.1937112,0.5442738,GALAXY,0.5442738,364.5989,138.2189,boss
1237654604257755348,173.28338,4.0200922,0.2674187,GALAXY,0.2674187,250.1237,10.5399,boss
1237655124467515769,173.28611,4.1516795,0.6453245,GALAXY,0.6453245,850,-3,boss
1237654604794626319,173.27259,4.3143461,0.5696089,GALAXY,0.5696089,152.5587,28.80663,boss
0,173.30096,4.2732118,0.5953249,GALAXY,0.5953249,850,-3,boss
1237651754544202089,173.10248,2.9411415,0.4262489,GALAXY,0.4262489,241.6976,29.07409,boss
1237651755081138641,173.29397,3.4594237,0.5797992,GALAXY,0.5797992,254.171,25.8283,boss
1237651755081138790,173.23881,3.36434,0.5872325,GALAXY,0.5872325,144.5056,38.90308,boss
1237654030866120899,173.1538,3.2419395,0.3435793,GALAXY,0.3435793,232.4076,15.5349,boss
1237650796218941950,143.68153,0.11845513,0.3469526,GALAXY,0.3469526,0,74.07883,boss
1237648720141091581,143.67457,-0.85044831,0.4846145,GALAXY,0.4846145,263.8965,40.7784,boss
1237648720141091378,143.71472,-0.87664084,0.4851134,GALAXY,0.4851134,230.5974,30.82771,boss
1237650795145200066,143.6789,-0.7491602,0.4606739,GALAXY,0.4606739,248.0701,28.98332,boss
1237648720677962341,143.6562,-0.60207211,0.5625319,GALAXY,0.5625319,180.3456,34.4305,boss
1237648720141026001,143.60465,-0.88604798,0.600859,GALAXY,0.600859,461.7525,184.4449,boss
1237648720677896999,143.5797,-0.54069127,0.5251819,GALAXY,0.5251819,809.2857,270.4494,boss
1237648721214702303,143.44855,-0.13981564,0.4891763,GALAXY,0.4891763,214.9969,40.1635,boss
1237650795682005388,143.54594,-0.29817947,0.3400902,GALAXY,0.3400902,174.9454,12.82403,boss
1237650796218876497,143.55201,0.050902592,0.234113,GALAXY,0.234113,123.1682,43.7495,boss
1237650796218811015,143.45213,0.12624427,0.517095,GALAXY,0.517095,359.3553,103.6038,boss
1237650795681940214,143.49591,-0.37399102,0.6302234,GALAXY,0.6302234,153.2613,35.51611,boss
1237648721214767687,143.5386,-0.021492994,0.4225679,GALAXY,0.4225679,850,-3,boss
1237648721214767592,143.49813,-0.060660615,0.3850155,GALAXY,0.3850155,205.8524,24.42535,boss
1237650795682005565,143.52194,-0.31638046,0.4685692,GALAXY,0.4685692,250.0923,38.89159,boss
1237650796218876467,143.54132,0.14299116,0.5903737,GALAXY,0.5903737,207.1255,33.58204,boss
1237650795682005661,143.54947,-0.23879762,0.3377427,GALAXY,0.3377427,140.2363,14.46853,boss
1237650795145134837,143.51228,-0.75535881,0.5182961,GALAXY,0.5182961,421.5774,87.28716,boss
1237648720677831226,143.38167,-0.62034283,0.552982,GALAXY,0.552982,178.4942,30.31848,boss
1237650795145069096,143.42647,-0.65144755,0.4844724,GALAXY,0.4844724,228.2664,40.81819,boss
1237650794608198411,143.39661,-1.0921929,0.4852789,GALAXY,0.4852789,156.6174,42.83836,boss
1237650805337686667,143.38885,-1.4168176,0.6277575,GALAXY,0.6277575,318.4878,58.16259,boss
1237650794608263452,143.50071,-1.0663549,0.4852734,GALAXY,0.4852734,236.4172,39.38033,boss
1237648720677831126,143.33323,-0.42911283,0.4290162,GALAXY,0.4290162,185.4236,21.15729,boss
1237650795681874248,143.29758,-0.38371761,0.6118312,GALAXY,0.6118312,323.4527,76.42915,boss
0,143.36877,-0.30961247,0.2695396,GALAXY,0.2695396,674.8457,251.4157,boss
1237651755079172454,168.77689,3.4185292,0.3926193,GALAXY,0.3926193,122.6136,28.47511,boss
1237655123928613015,168.77786,3.5896972,0.6491418,GALAXY,0.6491418,328.5968,43.21169,boss
1237654604255724522,168.72493,3.850041,0.6498716,GALAXY,0.6498716,224.4012,33.12729,boss
1237654604255789507,168.75559,3.7929703,0.4603589,GALAXY,0.4603589,191.1594,26.42824,boss
1237655123928678623,168.88572,3.6813291,0.6436402,GALAXY,0.6436402,0,68.53647,boss
1237654604255789613,168.81815,3.859642,0.5495015,GALAXY,0.5495015,260.5784,44.63861,boss
1237655124465484120,168.65344,4.001923,0.4882922,GALAXY,0.4882922,291.268,73.97979,boss
1237655124465418720,168.552,4.1629873,0.2258264,GALAXY,0.2258264,89.51613,21.75411,boss
1237655124465418307,168.6128,4.081774,0.0390823,GALAXY,0.0390823,0,40.51607,boss
1237654604255724080,168.64077,3.9575146,0.230184,GALAXY,0.230184,84.43382,30.22232,boss
1237654604255724447,168.69046,3.9587687,0.500287,GALAXY,0.500287,283.9082,60.42039,boss
1237655124465484377,168.74401,3.9721273,0.572946,GALAXY,0.572946,243.9046,29.70997,boss
1237654604792594748,168.66252,4.2981722,0.3085591,GALAXY,0.3085591,235.0851,12.82805,boss
1237655125002354939,168.62712,4.4617795,0.2591594,GALAXY,0.2591594,191.7786,32.34634,boss
1237654604792660293,168.74205,4.2976547,0.3030603,GALAXY,0.3030603,211.943,16.61895,boss
1237655125002289955,168.58123,4.4638522,0.6155213,GALAXY,0.6155213,290.8853,83.26447,boss
1237655125002354811,168.62232,4.507374,0.2594018,GALAXY,0.2594018,245.2567,13.15403,boss
0,168.63297,4.4918064,0.3636334,GALAXY,0.3636334,513.1097,204.0246,boss
1237655125002354855,168.62999,4.5348865,0.3096557,GALAXY,0.3096557,240.8461,17.42867,boss
1237654604792595004,168.59354,4.2565944,0.4657466,GALAXY,0.4657466,209.5688,26.77285,boss
1237654604792594743,168.65132,4.3646533,0.2599454,GALAXY,0.2599454,200.2164,15.76699,boss
1237651755079041487,168.48811,3.2921148,0.5281845,GALAXY,0.5281845,187.5531,60.20613,boss
1237654030864089641,168.45932,3.1756336,0.57372,GALAXY,0.57372,359.3619,59.75309,boss
0,168.52431,3.2589843,0.621269,GALAXY,0.621269,90.90537,57.90492,boss
1237655123928547834,168.61641,3.5600654,0.5017185,GALAXY,0.5017185,196.5412,22.84316,boss
1237651755079041410,168.45614,3.2419324,0.3362022,GALAXY,0.3362022,179.73,22.51902,boss
1237654031401025901,168.55619,3.4893406,0.5155627,GALAXY,0.5155627,177.1412,33.1415,boss
0,168.48069,3.6064331,0.2354275,GALAXY,0.2354275,0,0,boss
1237655123928547755,168.56418,3.6187867,0.5022896,GALAXY,0.5022896,205.9905,52.37463,boss
1237654604255658967,168.54978,3.8444745,0.7069811,GALAXY,0.7069811,171.1422,47.52883,boss
1237654604255593039,168.37979,3.7586849,0.4571251,GALAXY,0.4571251,255.3813,25.66414,boss
1237654604255592624,168.41441,3.7680349,0.1881128,GALAXY,0.1881128,182.8324,15.55452,boss
1237654031401091468,168.68995,3.523758,0.5160923,GALAXY,0.5160923,181.5816,45.89258,boss
1237655123928547879,168.63582,3.7020138,0.4624203,GALAXY,0.4624203,261.7774,18.49742,boss
1237655123928547932,168.50975,3.7273451,0.6188279,GALAXY,0.6188279,244.9668,36.71376,boss
1237655123928482174,168.42437,3.6654201,0.5559451,GALAXY,0.5559451,196.1828,22.12851,boss
1237655124465353219,168.44565,3.9600219,0.3052712,GALAXY,0.3052712,186.2692,30.41418,boss
1237654604255593091,168.4038,3.9117677,0.372746,GALAXY,0.372746,122.5584,25.7138,boss
1237654604792529314,168.54925,4.1891956,0.309204,GALAXY,0.309204,242.5619,17.6229,boss
1237654604792529166,168.51513,4.2130707,0.226773,GALAXY,0.226773,224.9268,13.81803,boss
0,168.49154,4.0519026,0.9382767,GALAXY,0.9382767,850,-3,boss
1237655124465353277,168.46527,4.1258426,0.5014905,GALAXY,0.5014905,283.6671,34.8858,boss
1237655124465418332,168.48003,4.1052266,0.005339862,GALAXY,0.005339862,0,14.47031,boss
1237654604792529280,168.51384,4.1729481,0.2713245,GALAXY,0.2713245,195.7614,13.50259,boss
1237654604792529329,168.56105,4.3660174,0.2371657,GALAXY,0.2371657,197.3002,13.9007,boss
1237655124465353160,168.41979,4.1094345,0.368775,GALAXY,0.368775,301.3236,37.07172,boss
1237655124467384992,173.02278,4.2473717,0.5566706,GALAXY,0.5566706,233.4192,45.48282,boss
1237655124467384663,172.99757,4.1396956,0.5100055,GALAXY,0.5100055,170.665,29.05371,boss
1237654604794495739,173.04728,4.285237,0.556897,GALAXY,0.556897,206.8838,35.32947,boss
1237655124467384682,173.00249,4.2449438,0.5562382,GALAXY,0.5562382,181.0198,38.23093,boss
1237654604794495488,172.97564,4.2778517,0.3419845,GALAXY,0.3419845,211.7118,17.70471,boss
1237651754544006201,172.77318,2.9771883,0.5268137,GALAXY,0.5268137,298.6569,29.12583,boss
1237651754544070660,172.78975,2.9556262,0.2368103,GALAXY,0.2368103,0,37.37135,boss
1237651754544005888,172.74882,3.0641436,0.5287768,GALAXY,0.5287768,180.0719,23.30495,boss
1237654030865989704,172.76285,3.1875427,0.2336112,GALAXY,0.2336112,205.0016,14.27505,boss
1237651754544071413,172.813,2.9839688,0.5252461,GALAXY,0.5252461,277.7062,32.01441,boss
1237654030865989885,172.7237,3.1524951,0.2302033,GALAXY,0.2302033,237.7168,14.84348,boss
1237654030865989844,172.77615,3.1306701,0.028665,GALAXY,0.028665,91.38351,4.294025,boss
1237654030865990296,172.78916,3.2246272,0.3962268,GALAXY,0.3962268,226.4843,28.08098,boss
1237654031402926371,172.98462,3.5965824,0.2352998,GALAXY,0.2352998,214.4802,12.17152,boss
1237654031402926919,172.95604,3.5923303,0.5882396,GALAXY,0.5882396,223.0701,33.79863,boss
1237654031402861229,172.77622,3.5222121,0.4686741,GALAXY,0.4686741,217.4847,31.29294,boss
1237651755080876406,172.66765,3.4225186,0.4670568,GALAXY,0.4670568,268.445,30.53302,boss
1237655123930382729,172.76687,3.7964093,0.4871333,GALAXY,0.4871333,215.7289,31.41636,boss
1237655123930382774,172.81133,3.7382263,0.3449818,GALAXY,0.3449818,201.029,14.75893,boss
1237655123930317408,172.65442,3.811025,0.5212421,GALAXY,0.5212421,189.0816,29.81036,boss
1237654604257493155,172.68973,3.9234895,0.350793,GALAXY,0.350793,208.1068,17.04033,boss
1237654604257493814,172.72866,3.9667538,0.635021,GALAXY,0.635021,374.7868,80.42841,boss
1237655123930317400,172.65083,3.7619537,0.5532309,GALAXY,0.5532309,228.8737,39.05926,boss
1237654604257493108,172.65516,3.9064073,0.3933617,GALAXY,0.3933617,202.5222,15.74446,boss
1237654604257493709,172.67379,3.8578635,0.5536481,GALAXY,0.5536481,197.2367,28.98213,boss
1237654604257493235,172.74264,4.0427088,0.0916393,GALAXY,0.0916393,139.4978,45.06149,boss
1237655124467253901,172.81869,4.1317659,0.638166,GALAXY,0.638166,59.14274,53.69249,boss
1237655124467319117,172.85952,4.2434778,0.6568586,GALAXY,0.6568586,251.0705,58.41401,boss
1237655124467253366,172.79695,4.2139867,0.1655447,GALAXY,0.1655447,107.2726,17.58136,boss
1237654604794364535,172.72565,4.3471376,0.6215325,GALAXY,0.6215325,281.9524,69.68057,boss
1237651754543940526,172.4933,2.9117734,0.539021,GALAXY,0.539021,207.5452,33.61538,boss
1237651754543940346,172.5884,2.9044257,0.4422861,GALAXY,0.4422861,172.9079,28.45259,boss
1237654030865924626,172.66316,3.162599,0.5241054,GALAXY,0.5241054,216.9066,34.72318,boss
1237651754543940557,172.51335,2.9644663,0.6533824,GALAXY,0.6533824,291.2144,54.29972,boss
1237651754543940206,172.53339,2.9238038,0.5218512,GALAXY,0.5218512,85.90407,30.08976,boss
1237651755080810649,172.60597,3.3298434,0.6524423,GALAXY,0.6524423,427.4443,52.1239,boss
1237651754543939856,172.57358,3.0161061,0.3015679,GALAXY,0.3015679,160.6851,35.73914,boss
1237651755080876319,172.62514,3.4546841,0.5235159,GALAXY,0.5235159,232.0598,24.93464,boss
1237651754543940065,172.48568,2.9891001,0.4650958,GALAXY,0.4650958,198.2738,29.82201,boss
1237651754544005531,172.65513,2.9970494,0.5317692,GALAXY,0.5317692,201.3155,29.35039,boss
1237651755080811142,172.61349,3.4851881,0.2928754,GALAXY,0.2928754,259.2109,21.69604,boss
1237651755080811260,172.54367,3.454349,0.5238104,GALAXY,0.5238104,196.6287,30.49417,boss
1237651755080811082,172.59371,3.4673306,0.4829136,GALAXY,0.4829136,212.247,32.18886,boss
1237655123930317109,172.58985,3.6383231,0.5237646,GALAXY,0.5237646,239.1806,28.37419,boss
1237654030865859111,172.48994,3.2765111,0.4500466,GALAXY,0.4500466,284.8744,23.21219,boss
0,172.55393,3.4211094,0.4643588,GALAXY,0.4643588,0,0,boss
1237654031402729988,172.54172,3.5307718,0.3943953,GALAXY,0.3943953,251.8537,53.52697,boss
1237655123930251434,172.49907,3.6757189,0.5085342,GALAXY,0.5085342,295.1083,22.20403,boss
0,172.56278,3.736092,0.2454541,GALAXY,0.2454541,345.375,226.2742,boss
1237655123930317123,172.60103,3.8180108,0.5933108,GALAXY,0.5933108,209.8829,32.64287,boss
1237655123930317133,172.61551,3.7068476,0.5534046,GALAXY,0.5534046,190.8053,30.24526,boss
1237654604257427987,172.54328,3.9597739,0.5985669,GALAXY,0.5985669,216.8329,41.42937,boss
1237654604257493301,172.63121,3.8645589,0.5359091,GALAXY,0.5359091,241.2325,43.49818,boss
1237655124467187847,172.64351,4.166796,0.06208564,GALAXY,0.06208564,36.31841,60.3237,boss
1237655123930317095,172.57512,3.7924501,0.5377436,GALAXY,0.5377436,279.8958,35.22657,boss
1237654604257428165,172.49403,3.9367216,0.4857288,GALAXY,0.4857288,212.4565,38.51789,boss
1237654604257428427,172.62413,3.9398354,0.5365391,GALAXY,0.5365391,326.1495,46.90691,boss
1237654604257427654,172.48726,3.9834507,0.3013046,GALAXY,0.3013046,241.3824,17.45561,boss
1237654604257428003,172.55136,4.0109464,0.5212488,GALAXY,0.5212488,299.89,40.85809,boss
1237654604257428055,172.59387,3.8605285,0.5377452,GALAXY,0.5377452,325.4863,62.49332,boss
1237654604794299113,172.49498,4.3011743,0.647924,GALAXY,0.647924,197.3878,37.78327,boss
1237654604794298848,172.53288,4.2929396,0.5206226,GALAXY,0.5206226,250.3857,68.16229,boss
1237654604794299047,172.60686,4.2660981,0.2639976,GALAXY,0.2639976,151.5387,26.86895,boss
1237654030865858966,172.42932,3.1801268,0.5400895,GALAXY,0.5400895,17.23439,55.43671,boss
1237651754543874678,172.40587,2.899375,0.306778,GALAXY,0.306778,222.3988,17.24548,boss
1237654031402664554,172.38585,3.5130291,0.4740692,GALAXY,0.4740692,239.0329,62.25634,boss
1237651754543874264,172.40156,3.0476576,0.2373777,GALAXY,0.2373777,205.8563,13.71069,boss
1237654030865859367,172.44838,3.2027968,0.6039547,GALAXY,0.6039547,76.06431,55.60384,boss
1237654030865793695,172.3907,3.0765546,0.5920835,GALAXY,0.5920835,455.2215,207.8623,boss
1237651754543874223,172.44503,2.9169968,0.236899,GALAXY,0.236899,248.9466,10.78199,boss
1237651755080680055,172.30056,3.3396461,0.4493122,GALAXY,0.4493122,286.3907,48.39605,boss
1237651754543874306,172.46353,2.9382383,0.2353465,GALAXY,0.2353465,249.7597,14.76411,boss
1237651755080745285,172.32422,3.4193527,0.4508412,GALAXY,0.4508412,196.3043,21.97044,boss
1237651755080745362,172.35106,3.4162508,0.5422515,GALAXY,0.5422515,217.0625,36.38008,boss
1237654031402664727,172.35502,3.5314392,0.5365043,GALAXY,0.5365043,213.4135,38.68641,boss
1237654031402664415,172.33364,3.5386236,0.6768491,GALAXY,0.6768491,180.0402,39.78918,boss
1237654031402664353,172.30022,3.5490128,0.4494801,GALAXY,0.4494801,290.7902,40.94161,boss
1237651755080745017,172.452,3.3046551,0.108614,GALAXY,0.108614,322.5878,6.306352,boss
1237651754543874808,172.44546,2.975131,0.5385438,GALAXY,0.5385438,266.5905,39.1703,boss
1237651754543874312,172.4747,2.9199665,0.2303541,GALAXY,0.2303541,218.7493,8.413801,boss
1237655123930186261,172.28628,3.6453313,0.4486139,GALAXY,0.4486139,118.5785,47.59713,boss
0,172.31407,3.6628555,0.1970853,GALAXY,0.1970853,0,98.19463,boss
1237655123930186167,172.35402,3.7768002,0.5220923,GALAXY,0.5220923,238.1155,27.51575,boss
1237655123930251530,172.39439,3.7082958,0.5304001,GALAXY,0.5304001,117.9358,26.3243,boss
1237655123930186099,172.28277,3.8057797,0.1888794,GALAXY,0.1888794,125.6265,24.42819,boss
1237654604257296932,172.23589,3.9572145,0.5193998,GALAXY,0.5193998,247.8884,58.18182,boss
1237654604257297073,172.3122,3.8949559,0.642737,GALAXY,0.642737,135.2063,53.51949,boss
1237654604257296658,172.21359,3.8926329,0.3536616,GALAXY,0.3536616,201.4509,22.74773,boss
1237654604257362379,172.38039,3.9912351,0.7062196,GALAXY,0.7062196,267.3521,85.95445,boss
1237654604257296652,172.19636,3.8804095,0.3660036,GALAXY,0.3660036,227.5888,16.48806,boss
1237654604257362650,172.3563,3.9138909,0.688867,GALAXY,0.688867,203.579,31.09142,boss
1237655124467056691,172.36761,4.1083156,0.4166943,GALAXY,0.4166943,274.6194,36.65831,boss
1237655124467122467,172.38142,4.0887949,0.5951028,GALAXY,0.5951028,192.1472,33.68048,boss
1237655124467057016,172.27341,4.1236825,0.59648,GALAXY,0.59648,263.1665,74.64096,boss
1237655124467056869,172.28865,4.0549918,0.4297615,GALAXY,0.4297615,212.2549,29.42101,boss
1237654604794167485,172.31024,4.3224842,0.5598722,GALAXY,0.5598722,285.6307,27.09433,boss
0,171.32138,4.3032083,0.5119199,GALAXY,0.5119199,38.54699,72.31754,boss
1237655124466663726,171.33897,4.1645877,0.4496541,GALAXY,0.4496541,191.0974,41.61111,boss
1237655124466598397,171.28074,4.1564534,0.6126319,GALAXY,0.6126319,334.3398,94.15838,boss
1237654604793774815,171.41475,4.3161359,0.5206046,GALAXY,0.5206046,250.6611,64.05126,boss
1237655125003534608,171.36179,4.4709037,0.5288001,GALAXY,0.5288001,319.1471,55.52845,boss
0,171.3198,4.4463975,0.4954526,GALAXY,0.4954526,132.8899,68.53647,boss
1237655124466598553,171.2369,4.1780308,0.6299632,GALAXY,0.6299632,275.6348,41.3601,boss
1237654604793774557,171.30676,4.4337478,0.4664876,GALAXY,0.4664876,272.2322,69.97984,boss
1237654604793709607,171.22556,4.3054218,0.594467,GALAXY,0.594467,175.1331,51.56597,boss
1237655123929661779,171.15654,3.7992228,0.5365044,GALAXY,0.5365044,207.4995,33.50097,boss
1237651755080221062,171.19222,3.3787836,0.3556367,GALAXY,0.3556367,224.1302,22.01615,boss
1237651755080155767,171.04909,3.2848047,0.5190427,GALAXY,0.5190427,167.5674,60.29156,boss
1237651755080155191,171.10107,3.3252678,0.004647329,GALAXY,0.004647329,61.07574,14.2796,boss
1237651755080220879,171.16161,3.3932921,0.2196065,GALAXY,0.2196065,235.095,15.69514,boss
1237651755080221087,171.19606,3.4529433,0.2734056,GALAXY,0.2734056,18.50496,71.28735,boss
0,171.19232,3.513736,0.01424366,GALAXY,0.01424366,0,0,boss
1237654604256903531,171.30968,3.8608587,0.4160471,GALAXY,0.4160471,185.7355,26.48974,boss
1237654604256903975,171.29311,3.886127,0.5942146,GALAXY,0.5942146,186.284,63.12239,boss
1237655123929661750,171.13547,3.6973779,0.5077004,GALAXY,0.5077004,190.7885,44.7039,boss
1237655123929792658,171.40989,3.7448922,0.2528603,GALAXY,0.2528603,181.3369,16.30278,boss
1237654604256838428,171.17553,3.8591929,0.5371772,GALAXY,0.5371772,200.4473,35.79499,boss
1237655123929661728,171.12387,3.6525916,0.3724956,GALAXY,0.3724956,242.4746,25.34499,boss
1237654604256838085,171.16331,3.8744478,0.4953444,GALAXY,0.4953444,181.5582,30.16319,boss
1237655124466532916,171.15039,4.0537183,0.5176729,GALAXY,0.5176729,212.3231,45.49661,boss
1237654604256772515,171.01019,3.9473994,0.4963591,GALAXY,0.4963591,252.0371,43.15664,boss
0,171.10349,4.1043359,0.428417,GALAXY,0.428417,0,169.5997,boss
1237655124466598194,171.18987,4.2119111,0.5903333,GALAXY,0.5903333,370.2407,79.23608,boss
0,171.09998,4.3274574,0.2848715,GALAXY,0.2848715,13.4587,122.8953,boss
1237655124466532833,171.1121,4.1721602,0.2818366,GALAXY,0.2818366,167.549,37.59766,boss
1237654604793643230,171.06471,4.3290317,0.2577477,GALAXY,0.2577477,248.0214,16.18185,boss
1237655124466532765,171.08024,4.2154277,0.3242604,GALAXY,0.3242604,203.0553,21.37899,boss
1237654604793709036,171.13457,4.2582512,0.5895031,GALAXY,0.5895031,291.5573,110.5422,boss
0,171.1038,4.3504251,0.05549688,GALAXY,0.05549688,850,-3,boss
1237654604793709048,171.13711,4.3391622,0.4676549,GALAXY,0.4676549,162.3956,45.12416,boss
1237654604793643530,171.03849,4.3842063,0.5241238,GALAXY,0.5241238,365.0355,83.20815,boss
1237654604793643335,171.08835,4.4298919,0.7592123,GALAXY,0.7592123,634.8837,109.1191,boss
1237651755080155478,170.99904,3.3585202,0.5234258,GALAXY,0.5234258,298.639,59.58711,boss
1237654030865137967,170.85965,3.1888411,0.3324236,GALAXY,0.3324236,189.3041,23.46543,boss
1237651755080155481,171.00311,3.2715412,0.3565087,GALAXY,0.3565087,234.5561,23.67126,boss
1237651755080155453,170.98199,3.2756753,0.4207752,GALAXY,0.4207752,260.1834,30.53024,boss
1237651755080089813,170.83926,3.390153,0.2572764,GALAXY,0.2572764,169.9526,65.66261,boss
1237651755080090028,170.93808,3.4352018,0.5872047,GALAXY,0.5872047,216.1638,46.60249,boss
1237651755080155348,171.01226,3.3376535,0.2489615,GALAXY,0.2489615,248.1967,14.88565,boss
1237648720148431718,160.42989,-1.0006263,0.5928521,GALAXY,0.5928521,221.76,24.04181,boss
1237648720148300581,160.21688,-0.91047168,0.549349,GALAXY,0.549349,134.8748,16.5201,boss
1237654669203210772,160.2108,-0.68629661,0.6840424,GALAXY,0.6840424,225.2048,42.70845,boss
1237654669203145458,160.17622,-0.68015085,0.6809987,GALAXY,0.6809987,247.9699,30.24526,boss
1237654669203211063,160.19873,-0.70211383,0.5479786,GALAXY,0.5479786,348.3134,49.49506,boss
1237648720685367940,160.61994,-0.4214673,0.5616847,GALAXY,0.5616847,211.2367,21.32386,boss
1237648720685368226,160.64364,-0.42125109,0.6138743,GALAXY,0.6138743,225.5665,23.09521,boss
1237654669740212687,160.53046,-0.40294487,0.539583,GALAXY,0.539583,240.2518,38.71471,boss
1237648721222239133,160.6548,-0.13370771,0.644708,GALAXY,0.644708,202.4243,23.73955,boss
1237654669740278175,160.68988,-0.28422381,0.5139981,GALAXY,0.5139981,202.7471,32.43595,boss
1237648721222239077,160.63071,-0.090435558,0.5936543,GALAXY,0.5936543,143.5196,42.91148,boss
1237654669740212550,160.59419,-0.2306859,0.7318546,GALAXY,0.7318546,850,-3,boss
1237648721222304636,160.69449,-0.10394368,0.640835,GALAXY,0.640835,182.9781,30.95438,boss
1237648721222238746,160.52979,-0.18486902,0.5920773,GALAXY,0.5920773,228.2734,23.92193,boss
1237648721222238636,160.57092,-0.18821368,0.4855236,GALAXY,0.4855236,254.6914,22.68534,boss
0,160.29771,-0.67846961,0.07882057,GALAXY,0.07882057,0,0,boss
1237654670277149221,160.70847,0.031884142,0.5693167,GALAXY,0.5693167,228.7003,41.11698,boss
0,160.26295,-0.6272929,0.6948878,GALAXY,0.6948878,0,0,boss
0,160.57487,0.12769165,0.1752892,GALAXY,0.1752892,180.5665,78.65946,boss
1237648721222238719,160.52349,-0.061648569,0.3215355,GALAXY,0.3215355,111.1756,22.24799,boss
1237654670277083884,160.61597,0.18372831,0.54875,GALAXY,0.54875,196.1596,33.37138,boss
1237648720148234972,160.01978,-0.94741661,0.5388657,GALAXY,0.5388657,104.5238,110.4105,boss
1237654668666340068,160.2423,-1.1971096,0.5906782,GALAXY,0.5906782,214.8537,47.46082,boss
1237651755080417938,171.62273,3.3338239,0.5930322,GALAXY,0.5930322,283.7409,46.11602,boss
1237651755080352510,171.54006,3.3124197,0.6496159,GALAXY,0.6496159,265.5222,55.08243,boss
1237651755080351879,171.44719,3.4168837,0.04774572,GALAXY,0.04774572,0,77.79466,boss
1237654030865465708,171.53318,3.2623492,0.6024693,GALAXY,0.6024693,0,183.5326,boss
1237654031402271236,171.44465,3.5072342,0.5923065,GALAXY,0.5923065,263.9511,39.70639,boss
1237654031402205795,171.35694,3.5120395,0.5124712,GALAXY,0.5124712,151.5506,29.8246,boss
1237651755080352375,171.42418,3.4705751,0.6507291,GALAXY,0.6507291,94.19987,36.87674,boss
1237654031402271346,171.48637,3.5713542,0.361361,GALAXY,0.361361,215.4666,26.12006,boss
1237655123929858429,171.60412,3.6697103,0.534674,GALAXY,0.534674,100.519,25.81485,boss
1237655123929858191,171.53113,3.7461523,0.3144183,GALAXY,0.3144183,194.2122,12.21374,boss
1237655123929858491,171.63338,3.78548,0.4623755,GALAXY,0.4623755,268.7904,41.72415,boss
1237654031402336763,171.544,3.5923113,0.6041919,GALAXY,0.6041919,188.1791,71.76981,boss
1237654604257034904,171.58951,3.8825134,0.5864971,GALAXY,0.5864971,219.5604,39.9719,boss
1237655124466729381,171.59415,4.1563771,0.4481687,GALAXY,0.4481687,285.5768,23.47048,boss
1237655124466729270,171.53137,4.0353783,0.4716619,GALAXY,0.4716619,220.5972,27.70796,boss
1237654604257034909,171.58921,3.8413806,0.6039584,GALAXY,0.6039584,196.5818,37.02206,boss
1237654604793905230,171.57674,4.2606997,0.5978752,GALAXY,0.5978752,322.1915,40.83147,boss
1237655124466794992,171.6473,4.1703559,0.5220479,GALAXY,0.5220479,243.5133,42.96947,boss
1237655124466598579,171.26009,4.1387851,0.5944651,GALAXY,0.5944651,278.3363,63.632,boss
1237655123929792657,171.40822,3.7411499,0.252448,GALAXY,0.252448,225.7542,11.87509,boss
1237654604256904087,171.35159,3.8598539,0.6487713,GALAXY,0.6487713,249.8744,52.03424,boss
0,171.25278,3.943609,0.2213713,GALAXY,0.2213713,392.8309,158.4236,boss
1237655123929727466,171.19905,3.77877,0.5975578,GALAXY,0.5975578,223.4906,41.01553,boss
1237655124466533072,171.12772,4.0417901,0.6459992,GALAXY,0.6459992,272.0127,70.81448,boss
1237654604256903979,171.29475,3.9983115,0.5228159,GALAXY,0.5228159,300.4948,41.98188,boss
1237654604793708846,171.17998,4.245285,0.5905361,GALAXY,0.5905361,69.00394,38.68641,boss
1237654605867647994,171.69919,5.1646782,0.4639727,GALAXY,0.4639727,116.2358,35.88942,boss
1237655126077407280,171.66921,5.3107409,0.4558617,GALAXY,0.4558617,106.2748,22.55536,boss
1237654605867647635,171.59938,5.2338314,0.5765175,GALAXY,0.5765175,233.9618,36.39655,boss
1237655125540405705,171.43286,5.0557675,0.5361117,GALAXY,0.5361117,152.5902,26.65741,boss
1237654605867582078,171.4798,5.2440397,0.6392733,GALAXY,0.6392733,158.6004,33.5267,boss
1237654605867581992,171.45737,5.1574257,0.5481141,GALAXY,0.5481141,136.7642,30.68847,boss
1237654605867648237,171.68434,5.254247,0.4997833,GALAXY,0.4997833,154.2792,51.07106,boss
1237655125540405436,171.45495,5.0242354,0.5345377,GALAXY,0.5345377,298.6432,47.724,boss
1237655126077407649,171.68047,5.2950883,0.5252237,GALAXY,0.5252237,155.8388,28.23688,boss
1237655125540405670,171.4181,5.0000407,0.4954871,GALAXY,0.4954871,241.079,52.24881,boss
1237654605867516519,171.31451,5.0811863,0.6118685,GALAXY,0.6118685,287.9843,70.41901,boss
1237655125540536621,171.63614,4.9620629,0.7476873,GALAXY,0.7476873,125.0942,28.35525,boss
1237655125003469168,171.24532,4.566635,0.6053678,GALAXY,0.6053678,281.0817,65.6488,boss
1237654605330645006,171.28681,4.7807855,0.6018769,GALAXY,0.6018769,245.5678,61.59544,boss
1237655125540340222,171.29478,4.9166956,0.5530055,GALAXY,0.5530055,326.0764,94.85907,boss
1237655125003469160,171.24486,4.5301643,0.3597744,GALAXY,0.3597744,234.7801,44.24856,boss
1237655125003403728,171.15951,4.4617552,0.6022246,GALAXY,0.6022246,232.921,74.82438,boss
1237654604793709803,171.22895,4.4338543,0.03948,GALAXY,0.03948,0,98.10229,boss
1237655125003534538,171.3191,4.60658,0.5873781,GALAXY,0.5873781,220.9613,30.78062,boss
1237654604793709586,171.21099,4.3228633,0.5934008,GALAXY,0.5934008,348.1193,59.85754,boss
1237654604793709047,171.13575,4.337783,0.4666868,GALAXY,0.4666868,261.1577,38.23912,boss
1237654605330579661,171.13805,4.6642087,0.4123716,GALAXY,0.4123716,242.6031,30.30488,boss
1237654604793709158,171.18099,4.3588396,0.5947025,GALAXY,0.5947025,158.3733,32.68711,boss
1237654604793708993,171.119,4.2947215,0.5907961,GALAXY,0.5907961,222.7118,38.47889,boss
1237655125003600200,171.56826,4.4975475,0.5963002,GALAXY,0.5963002,193.7244,56.80871,boss
1237654605330710963,171.45281,4.8233602,0.1652415,GALAXY,0.1652415,109.2167,70.97106,boss
1237655125003469004,171.29511,4.4771051,0.1499093,GALAXY,0.1499093,69.07217,35.45067,boss
1237654604793774887,171.29589,4.4011557,0.6063107,GALAXY,0.6063107,41.48416,50.33911,boss
1237654604793839996,171.43922,4.3493293,0.2437909,GALAXY,0.2437909,227.2638,81.97048,boss
1237655125003534556,171.3316,4.4926633,0.4111451,GALAXY,0.4111451,189.803,26.79349,boss
1237655125003534706,171.40327,4.6224535,0.3787099,GALAXY,0.3787099,270.536,30.25878,boss
1237655126077473397,171.84807,5.3502785,0.6409765,GALAXY,0.6409765,248.8016,50.62809,boss
1237654605867778460,171.85635,5.1762987,0.4054215,GALAXY,0.4054215,194.8625,27.20376,boss
1237654605867779043,171.86999,5.1385053,0.6951507,GALAXY,0.6951507,850,-3,boss
1237655126077473417,171.88176,5.3100332,0.5531726,GALAXY,0.5531726,175.6606,45.70962,boss
1237655125540536445,171.74283,5.0654766,0.5566574,GALAXY,0.5566574,251.6323,40.21103,boss
1237654606404649638,171.96683,5.609615,0.494709,GALAXY,0.494709,203.795,25.23757,boss
1237655125540602586,171.79295,4.9506757,0.6914876,GALAXY,0.6914876,259.9164,53.62459,boss
1237654605867713573,171.82571,5.1474505,0.5647477,GALAXY,0.5647477,201.0089,63.80886,boss
1237654604793447196,170.61818,4.2214497,0.5053103,GALAXY,0.5053103,107.8493,26.25245,boss
1237654604793447227,170.62541,4.3031764,0.6082981,GALAXY,0.6082981,303.2625,173.2897,boss
1237655125003272460,170.73851,4.4714138,0.5787257,GALAXY,0.5787257,133.2488,32.97918,boss
1237654604793446638,170.61344,4.2832052,0.03866717,GALAXY,0.03866717,47.97529,35.39425,boss
1237655125003272483,170.75566,4.4613933,0.5782523,GALAXY,0.5782523,233.9051,50.87061,boss
1237651755079958838,170.54178,3.4515323,0.4867576,GALAXY,0.4867576,214.5195,44.43159,boss
1237654030864941268,170.41218,3.0577157,0.2620143,GALAXY,0.2620143,245.235,11.3089,boss
1237651754542957213,170.36579,3.0400535,0.5297973,GALAXY,0.5297973,304.4295,71.04099,boss
1237654030865007004,170.47707,3.1106794,0.5335774,GALAXY,0.5335774,217.1768,44.6473,boss
1237654030864941231,170.38268,3.1434401,0.1065042,GALAXY,0.1065042,120.2441,8.778002,boss
1237654031401877823,170.47317,3.5587233,0.4390225,GALAXY,0.4390225,300.6293,27.09919,boss
0,170.45843,3.2310299,0.5870242,GALAXY,0.5870242,454.291,276.4379,boss
1237651755079893586,170.46922,3.4627014,0.5615619,GALAXY,0.5615619,243.785,30.40869,boss
1237654604256510781,170.52701,3.8159794,0.6889257,GALAXY,0.6889257,256.5854,54.35452,boss
1237655123929399722,170.44229,3.7529089,0.6347764,GALAXY,0.6347764,236.7488,36.34018,boss
1237655123929399912,170.58714,3.6123091,0.5164887,GALAXY,0.5164887,118.7352,30.00894,boss
1237655123929399343,170.53555,3.7217831,0.5903895,GALAXY,0.5903895,0,0,boss
1237654031401812506,170.41932,3.5750765,0.5157933,GALAXY,0.5157933,255.4147,58.63914,boss
1237655123929399300,170.44399,3.6662848,0.352496,GALAXY,0.352496,233.3039,34.15873,boss
1237654604256575873,170.54246,3.802338,0.4951093,GALAXY,0.4951093,265.7928,44.0845,boss
1237655124466270683,170.47356,4.068973,0.5620366,GALAXY,0.5620366,192.652,41.02227,boss
1237654604256576263,170.53165,3.9394447,0.6868385,GALAXY,0.6868385,372.1816,56.12308,boss
1237654604256510022,170.50939,3.8323469,0.496038,GALAXY,0.496038,274.6307,46.65199,boss
1237654604793447145,170.60203,4.3710424,0.3280497,GALAXY,0.3280497,117.6422,20.63614,boss
1237654604793447487,170.58643,4.2687927,0.506166,GALAXY,0.506166,160.034,36.24216,boss
1237654604793447100,170.59191,4.3275571,0.5042694,GALAXY,0.5042694,256.3636,62.27991,boss
0,170.5444,4.2510174,0.157762,GALAXY,0.157762,0,0,boss
1237654604256575921,170.56026,3.9095113,0.5028224,GALAXY,0.5028224,177.7568,28.14499,boss
1237654604793447165,170.61143,4.2377359,0.4630598,GALAXY,0.4630598,91.08298,33.21819,boss
1237654604793447130,170.59782,4.4128177,0.325945,GALAXY,0.325945,173.0257,24.71872,boss
1237654604793447126,170.60004,4.3052911,0.5070537,GALAXY,0.5070537,248.8056,33.36412,boss
1237655124466336005,170.58018,4.0964571,0.3507884,GALAXY,0.3507884,103.1081,24.55733,boss
1237654604793447038,170.57645,4.3006717,0.5075599,GALAXY,0.5075599,300.6413,34.79083,boss
1237655125003206783,170.57721,4.4303341,0.3278011,GALAXY,0.3278011,238.6515,25.9018,boss
1237654604793381700,170.49253,4.3297228,0.5071871,GALAXY,0.5071871,236.8424,35.39425,boss
1237654030864941654,170.34816,3.0649308,0.529438,GALAXY,0.529438,170.1161,33.4442,boss
1237651737363349721,170.26526,3.1292416,0.2487832,GALAXY,0.2487832,217.9986,16.97523,boss
1237654030864941328,170.36404,3.193155,0.2597756,GALAXY,0.2597756,189.0617,14.7456,boss
1237651754542957333,170.29296,3.0043444,0.5621927,GALAXY,0.5621927,177.1697,35.13303,boss
1237654030864941594,170.33144,3.2341871,0.3460071,GALAXY,0.3460071,193.3988,27.0546,boss
1237654030864941332,170.36763,3.246229,0.5617083,GALAXY,0.5617083,266.8951,37.56137,boss
1237651755079827602,170.35206,3.4286229,0.7692369,GALAXY,0.7692369,0,285.0786,boss
0,170.33885,3.5356091,0.7912628,GALAXY,0.7912628,230.2263,84.12318,boss
1237655123929334016,170.41901,3.7005146,0.3527186,GALAXY,0.3527186,240.1318,20.75691,boss
1237655123929334111,170.34724,3.5867514,0.4397435,GALAXY,0.4397435,178.0295,42.1637,boss
1237655123929334153,170.40819,3.7155664,0.3533493,GALAXY,0.3533493,228.571,25.26193,boss
1237655125557379096,210.25446,4.6023216,0.6295214,GALAXY,0.6295214,284.7544,44.85296,boss
1237655125557314173,210.1438,4.6613121,0.3653921,GALAXY,0.3653921,191.9624,26.93168,boss
1237655125557313710,210.0777,4.6153171,0.1557595,GALAXY,0.1557595,248.7912,7.610209,boss
1237654881271808434,210.20002,5.1822751,0.5015636,GALAXY,0.5015636,122.6406,40.45451,boss
1237655126631055909,210.23376,5.402002,0.63333,GALAXY,0.63333,176.672,50.08567,boss
1237654881271808292,210.23621,5.1638565,0.4962402,GALAXY,0.4962402,123.3536,49.20748,boss
1237654881271808346,210.2658,5.2227188,0.2525109,GALAXY,0.2525109,179.5578,14.59879,boss
1237654881271808794,210.23701,5.3421554,0.5503688,GALAXY,0.5503688,262.2022,51.49249,boss
1237655126094250757,210.29452,5.1453883,0.5105325,GALAXY,0.5105325,274.5359,108.9924,boss
1237655125557445233,210.44035,4.6869442,0.5511842,GALAXY,0.5511842,271.4065,40.80491,boss
1237654880735002763,210.34676,4.8476258,0.1503771,GALAXY,0.1503771,201.6517,10.27278,boss
1237655126094250860,210.35914,5.0088212,0.5688489,GALAXY,0.5688489,105.0751,57.81035,boss
1237654880735002837,210.34828,4.9015854,0.2548221,GALAXY,0.2548221,236.976,11.94263,boss
1237655125557379741,210.36491,4.5983292,0.5524312,GALAXY,0.5524312,185.922,53.95899,boss
0,210.38516,4.7337096,0.7923011,GALAXY,0.7923011,178.6775,68.0005,boss
1237655126094250880,210.3762,4.9976486,0.7233083,GALAXY,0.7233083,352.5665,80.55574,boss
1237654880198132233,210.29006,4.4571383,0.5979247,GALAXY,0.5979247,94.31667,58.31692,boss
1237655125557445325,210.4594,4.6002812,0.5409745,GALAXY,0.5409745,160.0426,29.46963,boss
1237655125557444624,210.44118,4.608669,0.2536806,GALAXY,0.2536806,210.8315,16.88895,boss
1237655126631252120,210.55909,5.450988,0.1779809,GALAXY,0.1779809,164.7067,20.04743,boss
1237654881271874143,210.33482,5.3333299,0.4991049,GALAXY,0.4991049,277.1855,49.96951,boss
1237654881271939097,210.45564,5.3423953,0.4997374,GALAXY,0.4997374,176.4454,62.72099,boss
1237654881271939558,210.44471,5.1481613,0.4472834,GALAXY,0.4472834,215.4455,35.52487,boss
0,210.43408,5.2488105,0.2803095,GALAXY,0.2803095,20.21719,137.5788,boss
1237655126094381539,210.61138,5.094992,0.4515224,GALAXY,0.4515224,237.2309,27.38145,boss
1237654881271939078,210.43697,5.1889091,0.02398205,GALAXY,0.02398205,71.60715,5.666549,boss
1237655126094315988,210.46576,5.1391888,0.4793736,GALAXY,0.4793736,241.4256,68.56793,boss
1237650796219662346,145.29999,0.13300831,0.5627072,GALAXY,0.5627072,167.4138,33.32791,boss
1237648721215488628,145.23221,-0.014946248,0.48245,GALAXY,0.48245,291.9571,38.76297,boss
1237648721215553912,145.25589,-0.02658371,0.5451651,GALAXY,0.5451651,225.9454,40.67943,boss
1237650796219597648,145.28071,0.04089409,0.4855959,GALAXY,0.4855959,126.7991,34.1063,boss
1237650796219597520,145.15641,0.098815858,0.6555741,GALAXY,0.6555741,244.6836,50.96084,boss
1237650795145790279,145.05858,-0.74844905,0.6088577,GALAXY,0.6088577,102.7474,64.98215,boss
1237650805338472855,145.08104,-1.3517183,0.5150109,GALAXY,0.5150109,127.9918,34.91902,boss
1237654872679645436,145.18809,-1.2723039,0.3980335,GALAXY,0.3980335,265.4301,29.23746,boss
1237650805338472900,145.10188,-1.3020433,0.5586092,GALAXY,0.5586092,196.8539,57.372,boss
1237648720141746903,145.12198,-0.98043261,0.7062165,GALAXY,0.7062165,122.7703,51.7139,boss
1237648720141746663,145.1095,-1.0485419,0.6132783,GALAXY,0.6132783,108.1667,35.16908,boss
1237648720141681410,145.06488,-0.94540497,0.6096754,GALAXY,0.6096754,17.28261,56.39259,boss
1237650795145790122,145.11178,-0.69088084,0.6096589,GALAXY,0.6096589,144.0075,36.8303,boss
1237648720678617806,145.13798,-0.48971421,0.5307866,GALAXY,0.5307866,95.3363,34.37087,boss
1237648720678617338,145.12742,-0.51074191,0.5293565,GALAXY,0.5293565,174.0178,36.20039,boss
1237648720678551899,145.05042,-0.43891436,0.6631656,GALAXY,0.6631656,198.4868,38.32404,boss
1237650795682660992,145.05833,-0.415576,0.1684148,GALAXY,0.1684148,180.7618,52.06867,boss
1237650795682660952,145.04725,-0.35891102,0.7818441,GALAXY,0.7818441,38.8557,68.59943,boss
1237650795682660920,145.03273,-0.41242273,0.4131739,GALAXY,0.4131739,55.27127,35.17546,boss
1237650795682661003,145.0665,-0.36234181,0.5141442,GALAXY,0.5141442,83.61884,41.16798,boss
1237650795682661182,144.99921,-0.31918983,0.4603112,GALAXY,0.4603112,106.4297,36.33784,boss
1237648721215423119,145.07361,-0.043812209,0.5334967,GALAXY,0.5334967,194.237,33.59499,boss
1237650795682661274,145.09882,-0.23571126,0.5311013,GALAXY,0.5311013,0,68.82118,boss
1237648721215423067,145.03885,-0.13409147,0.535771,GALAXY,0.535771,199.7052,45.05255,boss
1237650795682660912,145.02972,-0.24186124,0.4354789,GALAXY,0.4354789,218.2514,25.85526,boss
1237648721215488713,145.11436,-0.03209397,0.6648824,GALAXY,0.6648824,221.477,51.69365,boss
1237648721215422995,144.99809,-0.10040541,0.6172642,GALAXY,0.6172642,160.8614,46.98775,boss
1237650796219531738,145.04426,0.079812372,0.3633519,GALAXY,0.3633519,252.1704,22.07684,boss
1237650796219531809,145.07638,0.023621715,0.6598508,GALAXY,0.6598508,183.0194,27.09433,boss
1237648721215423105,145.06691,-0.013786171,0.6713669,GALAXY,0.6713669,194.2415,32.90065,boss
1237650796219532010,145.0163,0.048430411,0.6604726,GALAXY,0.6604726,282.8781,64.0128,boss
0,144.99512,0.0036006574,0.04678023,GALAXY,0.04678023,724.5787,339.1993,boss
1237648720141681070,144.97052,-0.99093602,0.2732362,GALAXY,0.2732362,205.3002,28.92406,boss
1237650795145789870,145.0115,-0.67994065,0.5186592,GALAXY,0.5186592,228.2849,31.86644,boss
1237648720141681316,145.0042,-0.98166397,0.4925022,GALAXY,0.4925022,168.4865,28.40548,boss
1237674651533902308,167.62379,0.87076573,0.4771237,GALAXY,0.4771237,362.609,58.60963,boss
1237674651533902658,167.6436,0.90759997,0.6212687,GALAXY,0.6212687,180.8257,44.3164,boss
1237674651533836473,167.53689,0.85858203,0.6269057,GALAXY,0.6269057,39.58406,59.88898,boss
1237648722299060501,167.62285,0.82610089,0.2709524,GALAXY,0.2709524,244.6539,13.82318,boss
1237648722298994887,167.46663,0.63659378,0.6047161,GALAXY,0.6047161,281.9865,105.2154,boss
1237648722298995117,167.52203,0.73579077,0.441439,GALAXY,0.441439,232.0893,26.14969,boss
1237648722299060525,167.57529,0.71168724,0.4119462,GALAXY,0.4119462,268.2939,20.6413,boss
1237648722299061244,167.61275,0.6690139,0.5484127,GALAXY,0.5484127,139.3672,34.14511,boss
1237648722299060697,167.56342,0.67031805,0.3487563,GALAXY,0.3487563,202.3888,16.72484,boss
1237674650997031358,167.57842,0.55085455,0.5609112,GALAXY,0.5609112,214.2388,36.93811,boss
1237648721762124548,167.51454,0.294731,0.4536072,GALAXY,0.4536072,269.9283,36.30041,boss
1237648721762124423,167.47949,0.24567654,0.5413514,GALAXY,0.5413514,250.2713,22.94865,boss
1237648721762124465,167.48983,0.263422,0.5045244,GALAXY,0.5045244,148.5192,36.81567,boss
1237648721762124551,167.51517,0.37245765,0.9676686,GALAXY,0.9676686,0,0,boss
1237648721762124859,167.53255,0.22695909,0.6852317,GALAXY,0.6852317,179.1918,33.80428,boss
1237654028716278538,167.68608,1.3708588,0.554497,GALAXY,0.554497,354.5205,69.1256,boss
1237648722835997818,167.79706,1.1785973,0.6401719,GALAXY,0.6401719,104.8043,60.50674,boss
1237674651533967631,167.78028,0.93321123,0.5551957,GALAXY,0.5551957,208.0555,35.69242,boss
1237674651533968043,167.80189,0.89051673,0.5557744,GALAXY,0.5557744,198.4364,35.02763,boss
1237674651533967929,167.76603,0.95849638,0.6028945,GALAXY,0.6028945,166.0412,88.78619,boss
1237674651533967868,167.74768,0.97918978,0.554379,GALAXY,0.554379,206.139,29.49967,boss
1237674651533902729,167.69949,0.8461636,0.5528052,GALAXY,0.5528052,303.3618,50.68522,boss
1237674651533902506,167.70249,0.96407543,0.6032267,GALAXY,0.6032267,270.3282,38.08175,boss
1237674651533967830,167.73935,0.92151038,0.09334151,GALAXY,0.09334151,850,-3,boss
1237674651533967811,167.73551,0.99566878,0.3558365,GALAXY,0.3558365,340.7491,135.955,boss
1237648722299061282,167.64367,0.65533522,0.5588366,GALAXY,0.5588366,301.02,51.58607,boss
1237648722299060649,167.69307,0.69058048,0.5574774,GALAXY,0.5574774,251.882,57.33515,boss
1237648722299060996,167.65708,0.63283316,0.4959115,GALAXY,0.4959115,247.1755,45.01242,boss
1237648722299126457,167.7418,0.73855905,0.5558099,GALAXY,0.5558099,206.7888,43.80685,boss
1237674650997031733,167.69861,0.61024585,0.7188283,GALAXY,0.7188283,0,149.2008,boss
1237674650997031925,167.64287,0.48804453,0.5450839,GALAXY,0.5450839,182.6461,81.54355,boss
1237674650997031645,167.67454,0.5244389,0.1853486,GALAXY,0.1853486,69.78831,18.33939,boss
1237674650997031424,167.60911,0.44056376,0.6648166,GALAXY,0.6648166,117.9559,44.19788,boss
1237674650997031507,167.63417,0.44198,0.5218872,GALAXY,0.5218872,850,-3,boss
1237648721762189806,167.59858,0.37175162,0.5715545,GALAXY,0.5715545,120.2697,41.10002,boss
1237674650997031529,167.641,0.45882805,0.6002601,GALAXY,0.6002601,217.6199,39.54537,boss
1237648721762189561,167.65999,0.2547806,0.5593128,GALAXY,0.5593128,136.9451,56.1836,boss
1237648721762190142,167.68942,0.37767636,0.4964245,GALAXY,0.4964245,514.7727,221.3486,boss
1237648721762189844,167.61238,0.21793063,0.5736875,GALAXY,0.5736875,251.0585,39.85084,boss
1237674648850989749,170.99604,-1.1017361,0.5268599,GALAXY,0.5268599,237.401,53.81382,boss
1237650762923573508,171.14745,-1.4224748,-0.0005560602,GALAXY,-0.0005560602,371.1406,125.4179,boss
1237648720153019417,170.98965,-1.028655,0.7010874,GALAXY,0.7010874,0,53.12713,boss
1237674648850989116,170.94048,-1.1089421,0.01940908,GALAXY,0.01940908,58.43119,20.08808,boss
1237674649387860984,170.99253,-0.79065881,0.5641384,GALAXY,0.5641384,348.121,63.64458,boss
1237648720153019045,170.95739,-0.92821157,0.3994863,GALAXY,0.3994863,255.113,28.3675,boss
1237648720689955725,171.12921,-0.57686533,0.5819726,GALAXY,0.5819726,292.831,46.98775,boss
1237648720689955552,171.07255,-0.50774026,0.5625728,GALAXY,0.5625728,225.8971,44.93248,boss
1237648720689955479,171.04813,-0.51478476,0.5600795,GALAXY,0.5600795,121.9682,41.41549,boss
1237674649924796864,171.02901,-0.28324247,0.4837851,GALAXY,0.4837851,169.0656,43.92225,boss
1237648721226826161,171.01321,-0.15663215,0.5580524,GALAXY,0.5580524,210.3195,31.87593,boss
1237674649924797095,171.09001,-0.3718345,0.3285218,GALAXY,0.3285218,182.0346,19.49372,boss
1237648721226826275,171.04399,-0.05813324,0.5800074,GALAXY,0.5800074,178.8,29.93008,boss
1237674650461667413,171.09891,0.049891631,0.3007216,GALAXY,0.3007216,850,-3,boss
1237674649924796703,171.10526,-0.21448903,0.2297618,GALAXY,0.2297618,185.0465,13.11464,boss
1237648721226826525,171.10645,-0.046863707,0.5793734,GALAXY,0.5793734,241.2764,26.2781,boss
1237648721226826280,171.04428,-0.0043191602,0.580567,GALAXY,0.580567,223.3499,42.22974,boss
1237648721226826388,171.07259,-0.10193869,0.7845415,GALAXY,0.7845415,151.1083,60.99943,boss
1237674650461667745,171.02224,0.069476679,0.8935589,GALAXY,0.8935589,850,-3,boss
1237674648850989612,170.92407,-1.1291641,0.4485302,GALAXY,0.4485302,96.51239,29.37511,boss
1237650372088562057,170.84409,-1.2650852,0.4869981,GALAXY,0.4869981,245.1177,30.29809,boss
1237648720152953538,170.83203,-0.9604669,0.5639379,GALAXY,0.5639379,182.6278,25.60902,boss
1237674648850989807,170.86578,-1.2208728,0.686793,GALAXY,0.686793,700.5582,141.0089,boss
1237650372088562377,170.84209,-1.2980642,0.6855366,GALAXY,0.6855366,850,-3,boss
1237674648850923839,170.79092,-1.1679146,0.4039195,GALAXY,0.4039195,205.8609,30.02743,boss
1237674649387794927,170.75076,-0.66895045,0.5286176,GALAXY,0.5286176,169.2724,48.96494,boss
0,170.84892,-0.99027015,0.7892126,GALAXY,0.7892126,645.2586,210.0903,boss
1237674648850924531,170.82204,-1.1732481,0.6215845,GALAXY,0.6215845,254.9555,51.04506,boss
1237674648850989607,170.9233,-1.0674739,0.4865791,GALAXY,0.4865791,259.7535,31.24964,boss
1237648720689824248,170.74795,-0.58812752,0.5284784,GALAXY,0.5284784,132.8318,27.63348,boss
1237648720152953680,170.78578,-0.92310722,0.691837,GALAXY,0.691837,176.0512,59.04702,boss
1237674648850924193,170.82522,-1.1398994,0.6200985,GALAXY,0.6200985,138.638,42.34049,boss
1237648720152953512,170.82121,-0.903453,0.608628,GALAXY,0.608628,133.1678,57.75383,boss
1237648720689824370,170.79228,-0.59318017,0.4832864,GALAXY,0.4832864,229.3656,37.70189,boss
1237648720689824435,170.82129,-0.59519317,0.4840165,GALAXY,0.4840165,233.0686,46.26519,boss
1237648721226760869,170.93664,-0.1161648,0.52172,GALAXY,0.52172,171.165,25.80477,boss
1237648720689824278,170.75623,-0.55077089,0.1033724,GALAXY,0.1033724,0,38.52906,boss
1237654605866664670,169.43261,5.0331478,0.5036502,GALAXY,0.5036502,101.572,32.96518,boss
1237655125539553603,169.388,5.0117399,0.7255433,GALAXY,0.7255433,850,-3,boss
1237655125539553670,169.41455,4.988753,0.4765193,GALAXY,0.4765193,243.5154,46.08731,boss
1237655125539553346,169.40284,4.8383718,0.1090588,GALAXY,0.1090588,224.6152,9.058071,boss
1237654605866729816,169.47005,5.0520848,0.6441267,GALAXY,0.6441267,211.6341,37.22189,boss
1237655125539554034,169.48215,4.9358458,0.6439168,GALAXY,0.6439168,0,71.87836,boss
1237654605329858991,169.48363,4.7058708,0.4822991,GALAXY,0.4822991,199.4853,26.68892,boss
1237655125539554071,169.50844,4.8594559,0.5607388,GALAXY,0.5607388,248.9035,80.10019,boss
1237654605329793582,169.3859,4.7087067,0.5229216,GALAXY,0.5229216,89.02723,35.44197,boss
1237654605329859425,169.53099,4.7688838,0.5727947,GALAXY,0.5727947,239.7045,42.41109,boss
1237654605329859137,169.54297,4.6410085,0.482141,GALAXY,0.482141,254.4702,45.90202,boss
1237655125002682529,169.37911,4.4574974,0.106269,GALAXY,0.106269,168.4476,8.14281,boss
1237655125002683036,169.45462,4.4607343,0.64952,GALAXY,0.64952,208.068,36.29574,boss
1237654606403666385,169.63074,5.5818553,0.5048791,GALAXY,0.5048791,80.90426,27.40956,boss
1237655126613426386,169.65471,5.6815439,0.3551527,GALAXY,0.3551527,226.8176,30.36348,boss
1237655126076555689,169.7265,5.4187152,0.5016745,GALAXY,0.5016745,353.1438,74.74269,boss
0,169.66697,5.5363488,0.8614478,GALAXY,0.8614478,0,0,boss
1237655126076490168,169.61223,5.3992283,0.6510562,GALAXY,0.6510562,278.6321,62.52911,boss
1237654605866795484,169.63819,5.2436537,0.5296773,GALAXY,0.5296773,190.7114,95.57563,boss
1237654605866795648,169.71945,5.2275951,0.4881996,GALAXY,0.4881996,240.1922,32.32983,boss
1237654605866730274,169.57239,5.2056143,0.6342432,GALAXY,0.6342432,237.4641,49.53655,boss
1237654605866795196,169.61339,5.0789927,0.3845622,GALAXY,0.3845622,239.5841,61.05492,boss
1237655125539618991,169.58892,4.8594879,0.3072815,GALAXY,0.3072815,242.0513,19.59947,boss
1237655125539618916,169.61182,4.991526,0.1018049,GALAXY,0.1018049,196.3889,7.583385,boss
1237654605329859282,169.59446,4.8151152,0.5051729,GALAXY,0.5051729,197.0088,43.00438,boss
1237655125539619157,169.57112,4.8442031,0.2533638,GALAXY,0.2533638,172.8424,19.33897,boss
1237654605329859495,169.59898,4.7745939,0.561559,GALAXY,0.561559,319.4822,51.01262,boss
1237654605329859453,169.55592,4.7253673,0.6444577,GALAXY,0.6444577,355.6717,44.56928,boss
1237654605329924210,169.64563,4.7148011,0.04746435,GALAXY,0.04746435,0,55.58706,boss
1237655125539684867,169.71767,4.9683036,0.5715223,GALAXY,0.5715223,81.01524,38.91459,boss
1237654605329924307,169.6464,4.6969276,0.3211258,GALAXY,0.3211258,218.6936,17.75778,boss
0,169.62693,4.6625512,0.6876923,GALAXY,0.6876923,0,0,boss
1237654605329924480,169.61569,4.6419813,0.5386893,GALAXY,0.5386893,172.613,34.72113,boss
1237655125002748398,169.64555,4.4983204,0.3805524,GALAXY,0.3805524,282.393,29.54741,boss
1237655125002813945,169.67944,4.4279128,0.5522829,GALAXY,0.5522829,216.0641,59.02693,boss
1237655126613492121,169.88344,5.7241294,0.6563014,GALAXY,0.6563014,249.0363,106.9642,boss
0,169.84943,5.7655608,0.5102695,GALAXY,0.5102695,0,0,boss
1237655126613492264,169.83929,5.8368894,0.6741114,GALAXY,0.6741114,241.7913,89.79417,boss
1237655126613492105,169.87002,5.8606902,0.279049,GALAXY,0.279049,253.9649,21.33002,boss
1237674648853414659,176.54174,-1.2409777,0.4121814,GALAXY,0.4121814,223.0821,19.52818,boss
1237671140407050828,176.62958,-0.85002848,0.0008057971,GALAXY,0.0008057971,850,-3,boss
1237671140407181899,176.6863,-0.54726106,0.6243689,GALAXY,0.6243689,254.0959,52.1239,boss
1237671128051810383,176.5086,-0.46795092,0.1583797,GALAXY,0.1583797,85.35355,30.61535,boss
1237671140407182014,176.66118,-0.50244263,0.6221961,GALAXY,0.6221961,370.7811,103.4413,boss
1237674649927222172,176.6031,-0.40672886,0.6234345,GALAXY,0.6234345,201.7172,38.58223,boss
1237674649927221729,176.59252,-0.24113004,0.4001283,GALAXY,0.4001283,167.6993,39.77688,boss
1237648721229251210,176.62821,-0.033154984,0.6270214,GALAXY,0.6270214,211.5165,59.97306,boss
1237648721229316703,176.73619,-0.10901848,0.6008645,GALAXY,0.6008645,253.0415,49.86626,boss
1237648721229316389,176.72913,-0.13885885,0.5652813,GALAXY,0.5652813,227.8558,23.05322,boss
1237648721229250733,176.6334,-0.18084581,0.4402567,GALAXY,0.4402567,304.3288,54.93613,boss
1237671128051548955,176.15117,-0.95293372,0.499043,GALAXY,0.499043,201.5462,30.88366,boss
1237671128051549162,176.2808,-1.0088609,0.6885488,GALAXY,0.6885488,681.5298,390.9422,boss
1237671140943856232,176.09665,-0.73235781,0.5467514,GALAXY,0.5467514,281.243,30.97612,boss
1237671140943856040,176.16587,-0.69964516,0.4677409,GALAXY,0.4677409,0,0,boss
1237671128588616151,176.10479,-0.51873918,0.5903113,GALAXY,0.5903113,170.3624,35.27576,boss
1237674649390088224,175.99021,-0.6890704,0.5554234,GALAXY,0.5554234,144.364,56.78188,boss
1237674649390285046,176.41739,-0.77193179,0.3223048,GALAXY,0.3223048,263.1461,16.70887,boss
1237671140943987623,176.30841,-0.41248978,0.6288104,GALAXY,0.6288104,210.6014,32.81922,boss
1237651752386560261,149.9395,0.94059395,0.5130526,GALAXY,0.5130526,185.1516,25.06587,boss
1237651752386494961,149.81247,0.98534494,0.390965,GALAXY,0.390965,196.4699,21.30023,boss
1237651801771016631,150.05247,0.55008088,0.4967709,GALAXY,0.4967709,182.4926,23.6985,boss
1237648721754456395,149.98689,0.3231706,0.544113,GALAXY,0.544113,208.5428,25.099,boss
1237648722291327510,149.9226,0.78016037,0.5492049,GALAXY,0.5492049,277.5448,30.76923,boss
1237651801771016734,150.08958,0.56726577,0.479469,GALAXY,0.479469,256.9571,31.77989,boss
1237648722291327517,149.92461,0.69379542,0.5803508,GALAXY,0.5803508,0,0,boss
1237648721754456935,150.03164,0.29802666,0.5481853,GALAXY,0.5481853,283.8747,30.87216,boss
1237648721754522190,150.07877,0.28146336,0.5065203,GALAXY,0.5065203,122.6588,30.75218,boss
1237651801770951308,149.99493,0.57535804,0.4974156,GALAXY,0.4974156,234.2538,38.78289,boss
1237648721754522227,150.08717,0.33609833,0.5117329,GALAXY,0.5117329,183.7669,23.95341,boss
1237648721754456755,149.96938,0.37367473,0.5432874,GALAXY,0.5432874,199.7153,66.33638,boss
1237651801771016804,150.12626,0.55848505,0.3997508,GALAXY,0.3997508,263.5074,18.66786,boss
1237648721754521729,150.19199,0.27930606,0.4962269,GALAXY,0.4962269,203.6744,26.77098,boss
1237648721754653254,150.41524,0.31418735,0.6336827,GALAXY,0.6336827,276.7321,33.8686,boss
1237651752386625595,150.12631,0.85385427,0.4244453,GALAXY,0.4244453,236.4173,18.44143,boss
1237648722291393480,150.14611,0.62855429,0.6678414,GALAXY,0.6678414,195.4608,40.58118,boss
1237651801771082400,150.3301,0.51870529,0.5411906,GALAXY,0.5411906,203.3242,30.1084,boss
1237648722291458715,150.29619,0.75203838,0.5027865,GALAXY,0.5027865,222.9153,23.62412,boss
1237648722291393184,150.12293,0.77995279,0.5537988,GALAXY,0.5537988,172.307,54.30754,boss
1237648721754587207,150.2407,0.24011361,0.4954225,GALAXY,0.4954225,251.6176,51.17544,boss
1237648721754588045,150.2867,0.26134762,0.5182138,GALAXY,0.5182138,299.3633,57.45517,boss
1237648721754587837,150.21439,0.26823516,0.4983099,GALAXY,0.4983099,148.2372,26.18556,boss
1237648721754587664,150.20076,0.24536287,0.5772713,GALAXY,0.5772713,304.3192,44.18945,boss
1237648721754653734,150.45441,0.27673874,0.6478019,GALAXY,0.6478019,165.1047,50.22118,boss
1237648721754653147,150.38031,0.39426036,0.6334394,GALAXY,0.6334394,189.3335,43.00827,boss
1237648720144695901,151.89879,-1.0442697,0.5591205,GALAXY,0.5591205,160.7266,30.47757,boss
1237654668662669874,151.89866,-1.2153795,0.4551175,GALAXY,0.4551175,199.7698,31.17836,boss
1237648720144761683,151.99887,-1.0172374,0.620443,GALAXY,0.620443,130.0424,37.14407,boss
1237648720144761730,152.02951,-0.89704584,0.5550604,GALAXY,0.5550604,229.5057,53.97434,boss
1237648720144696342,151.97453,-0.87763769,0.5555178,GALAXY,0.5555178,265.0652,53.8748,boss
1237648720144696002,151.93939,-0.84475528,0.6908426,GALAXY,0.6908426,289.4689,41.46762,boss
0,152.0183,-0.75257053,0.5357056,GALAXY,0.5357056,0,0,boss
1237654669199606514,151.9896,-0.7759746,0.7221554,GALAXY,0.7221554,531.8467,160.4015,boss
1237648720681632198,151.99569,-0.59166098,0.5672692,GALAXY,0.5672692,200.625,44.72136,boss
1237648720681697301,152.15954,-0.605582,0.5571179,GALAXY,0.5571179,232.5137,37.45317,boss
1237648720681763614,152.28907,-0.61778337,0.2698523,GALAXY,0.2698523,850,-3,boss
1237648720681763433,152.38758,-0.60968581,0.4892018,GALAXY,0.4892018,378.5825,102.7458,boss
1237662266461913669,224.22883,4.9645778,0.5703188,GALAXY,0.5703188,247.187,43.67609,boss
1237662266461847768,224.13388,4.9251768,0.5940074,GALAXY,0.5940074,192.6257,51.78156,boss
1237654881814840102,224.39392,5.0192704,0.5738398,GALAXY,0.5738398,246.3464,37.5562,boss
1237662266461847660,224.16396,4.7966116,0.6038806,GALAXY,0.6038806,115.4689,33.82316,boss
1237654881277969168,224.33378,4.6153786,0.3041326,GALAXY,0.3041326,274.7538,60.55005,boss
1237654881277903269,224.13555,4.6999027,0.3689884,GALAXY,0.3689884,244.8899,21.52504,boss
1237662266461913427,224.24185,4.7723414,0.4076104,GALAXY,0.4076104,286.5683,24.97182,boss
1237654881277968767,224.36919,4.6278526,0.3045067,GALAXY,0.3045067,262.6599,19.45873,boss
1237662266461913705,224.23565,4.8511828,0.6130512,GALAXY,0.6130512,179.3203,36.21198,boss
1237655742407967109,224.30211,4.7310714,0.3038279,GALAXY,0.3038279,232.4759,22.79906,boss
1237662266461979818,224.41774,4.7786447,0.6060452,GALAXY,0.6060452,385.1837,73.84178,boss
1237654881277968929,224.24886,4.6153388,0.5435339,GALAXY,0.5435339,195.9123,49.25993,boss
1237651823249850645,224.25626,4.4718523,0.2331052,GALAXY,0.2331052,252.1377,13.58361,boss
1237651823249916326,224.34785,4.4871061,0.5733538,GALAXY,0.5733538,247.2583,72.95372,boss
1237654881278034368,224.42742,4.5246491,0.1006737,GALAXY,0.1006737,0,36.82786,boss
1237662267535721068,224.4359,5.7184686,0.6173827,GALAXY,0.6173827,194.9392,43.11744,boss
1237662267535655680,224.32349,5.6431969,0.4898422,GALAXY,0.4898422,196.6741,34.50047,boss
1237662266998784429,224.28272,5.2781774,0.3710181,GALAXY,0.3710181,247.1683,25.87047,boss
1237655743481708897,224.27333,5.494433,0.4896112,GALAXY,0.4896112,181.5047,39.46109,boss
1237662266998784904,224.32909,5.3758949,0.5921887,GALAXY,0.5921887,235.575,44.67775,boss
1237654881814905101,224.43663,5.0560093,0.2236578,GALAXY,0.2236578,206.3482,14.49374,boss
1237662266998850372,224.45147,5.2288229,0.3918642,GALAXY,0.3918642,220.683,28.09938,boss
0,224.35121,5.249568,0.7731628,GALAXY,0.7731628,0,0,boss
1237662266461978763,224.4902,4.8368704,0.5748895,GALAXY,0.5748895,152.4779,37.00968,boss
1237662266462044890,224.51883,4.7645133,0.6044793,GALAXY,0.6044793,217.2781,34.18211,boss
1237654881814905872,224.47746,5.0209659,0.5556253,GALAXY,0.5556253,210.3909,32.51791,boss
1237654881278035029,224.49251,4.5847713,0.5405086,GALAXY,0.5405086,264.0314,44.91035,boss
1237654881814905153,224.53556,4.9873654,0.3966971,GALAXY,0.3966971,254.6135,24.40403,boss
1237662266461979567,224.47137,4.7884878,0.6049799,GALAXY,0.6049799,308.0447,35.84886,boss
1237654881278034577,224.43193,4.5931884,0.6049069,GALAXY,0.6049069,341.1371,66.19431,boss
1237651823249981914,224.50671,4.4420568,0.3916679,GALAXY,0.3916679,124.8051,41.66045,boss
1237651823249981456,224.49448,4.409508,0.4520609,GALAXY,0.4520609,168.1347,28.66412,boss
1237654881278034695,224.47317,4.5361418,0.5401832,GALAXY,0.5401832,339.9069,34.84441,boss
1237654881278034660,224.459,4.4923984,0.7773727,GALAXY,0.7773727,249.4538,113.0664,boss
1237655743481774664,224.47442,5.4705032,0.3073706,GALAXY,0.3073706,222.1891,25.97081,boss
1237662267535787007,224.69332,5.7739465,0.6410801,GALAXY,0.6410801,166.6637,43.1018,boss
1237648720681042968,150.77348,-0.51860765,0.5715041,GALAXY,0.5715041,206.1291,43.23535,boss
1237648720681042956,150.76752,-0.59778968,0.5509425,GALAXY,0.5509425,207.3023,27.2077,boss
1237654669735887400,150.71232,-0.33312581,0.5787593,GALAXY,0.5787593,0,38.0575,boss
1237651800697537009,150.72331,-0.31106762,0.5229516,GALAXY,0.5229516,214.6547,45.3047,boss
1237648721217913492,150.74689,-0.15480981,0.5853307,GALAXY,0.5853307,203.1147,40.14769,boss
0,150.72998,-0.56134313,0.01119461,GALAXY,0.01119461,112.4582,58.53115,boss
1237651800697536909,150.68454,-0.2715338,0.4809022,GALAXY,0.4809022,217.2382,27.50152,boss
0,150.74027,-0.22802468,0.2771691,GALAXY,0.2771691,0,0,boss
1237648721217913320,150.66542,-0.06244447,0.5574862,GALAXY,0.5574862,215.9654,37.86518,boss
1237648721217913722,150.7277,-0.095904525,0.5584791,GALAXY,0.5584791,123.7202,21.82991,boss
1237648721217912905,150.7167,-0.06286357,0.4454498,GALAXY,0.4454498,195.7111,31.53513,boss
1237654670272758412,150.74566,0.0032497475,0.6056719,GALAXY,0.6056719,217.1906,36.7186,boss
1237654872682005291,150.56448,-1.4056532,0.574706,GALAXY,0.574706,221.5705,41.65692,boss
1237654668662080472,150.57649,-1.2226254,0.4728695,GALAXY,0.4728695,145.5972,27.74022,boss
1237654668662080146,150.57794,-1.2436786,0.3752056,GALAXY,0.3752056,153.5547,19.93044,boss
1237651799623729645,150.5643,-1.121404,0.4720528,GALAXY,0.4720528,256.8106,26.32786,boss
1237654668662080480,150.57966,-1.196564,0.4806614,GALAXY,0.4806614,211.3477,25.96653,boss
1237648720144106118,150.58103,-0.96889091,0.5904066,GALAXY,0.5904066,231.4113,24.96346,boss
1237651799623729450,150.58551,-1.0923467,0.3096173,GALAXY,0.3096173,220.778,18.86929,boss
1237651799623795073,150.64651,-1.0553791,0.4716933,GALAXY,0.4716933,262.4679,27.79353,boss
1237651799623729310,150.55349,-1.0877764,0.3123643,GALAXY,0.3123643,233.9296,14.27278,boss
1237648720144105904,150.62419,-0.93644768,0.5665844,GALAXY,0.5665844,0,34.31549,boss
1237648720144106208,150.621,-1.0330484,0.4765871,GALAXY,0.4765871,132.416,39.53933,boss
1237648720144171406,150.64252,-0.93602535,0.51412,GALAXY,0.51412,212.5927,22.80484,boss
0,150.64423,-0.96568755,0.2380872,GALAXY,0.2380872,0,0,boss
1237648720144106146,150.59607,-0.85163916,0.5032593,GALAXY,0.5032593,247.3206,27.83977,boss
1237654669199016757,150.66549,-0.79682065,0.6647713,GALAXY,0.6647713,236.4007,27.69551,boss
1237654669199016364,150.63653,-0.8182442,0.5019437,GALAXY,0.5019437,192.153,28.4481,boss
1237648720681042391,150.67673,-0.53731678,0.6470432,GALAXY,0.6470432,156.1005,37.30019,boss
1237648720680977240,150.57155,-0.49625261,0.7052807,GALAXY,0.7052807,215.7745,107.9948,boss
0,150.62245,-0.62253457,0.014822,GALAXY,0.014822,181.2753,143.9748,boss
1237654669735886867,150.60761,-0.40499489,0.643189,GALAXY,0.643189,135.3468,49.02236,boss
1237648721217847889,150.56153,-0.20109615,0.4796024,GALAXY,0.4796024,221.1985,26.77192,boss
1237654669735887234,150.64195,-0.41133752,0.5707498,GALAXY,0.5707498,267.978,51.43924,boss
1237651800697471394,150.52048,-0.21958628,0.5642269,GALAXY,0.5642269,208.3088,23.00789,boss
1237648721217847772,150.51339,-0.13361363,0.4797106,GALAXY,0.4797106,198.2566,31.14881,boss
0,150.55798,0.042843088,0.5464151,GALAXY,0.5464151,344.8219,164.373,boss
1237648721217847923,150.57715,-0.13172595,0.3334486,GALAXY,0.3334486,186.3425,27.38947,boss
1237654669735887550,150.65141,-0.34252889,0.5936976,GALAXY,0.5936976,151.2346,29.35162,boss
1237648721217847780,150.51758,-0.10694252,0.5291865,GALAXY,0.5291865,197.2792,28.99046,boss
1237648721217847907,150.56862,-0.055490967,0.5395591,GALAXY,0.5395591,289.5631,38.7772,boss
1237651801234342639,150.6084,0.14957554,0.354891,GALAXY,0.354891,193.2074,22.32854,boss
1237654872682005257,150.54518,-1.3819285,0.7009792,GALAXY,0.7009792,214.6325,55.65428,boss
1237648720681239086,151.1443,-0.56184228,0.4734733,GALAXY,0.4734733,211.6347,26.05677,boss
1237654872682004874,150.50945,-1.3899876,0.4453493,GALAXY,0.4453493,251.0208,31.02121,boss
1237648720144040375,150.3995,-0.89882668,0.5030151,GALAXY,0.5030151,259.1943,31.2556,boss
1237654872682004942,150.53303,-1.3622652,0.4742824,GALAXY,0.4742824,194.3263,39.08839,boss
1237651754543809121,172.26272,2.891343,0.5297694,GALAXY,0.5297694,199.6127,26.91262,boss
1237651754543809388,172.19821,2.9113824,0.6864442,GALAXY,0.6864442,130.6655,35.56654,boss
1237651754543808771,172.30913,3.057555,0.2027125,GALAXY,0.2027125,212.8564,12.44882,boss
1237651755080679991,172.27225,3.4524195,0.5253976,GALAXY,0.5253976,353.692,40.14137,boss
1237654030865793466,172.28783,3.0806739,0.4614436,GALAXY,0.4614436,199.5131,22.86473,boss
1237651755080679851,172.21967,3.3395726,0.4639493,GALAXY,0.4639493,280.3867,21.68856,boss
1237651754543808913,172.18603,2.9982825,0.6059737,GALAXY,0.6059737,251.9132,46.91699,boss
1237654030865728299,172.16365,3.1365259,0.6804196,GALAXY,0.6804196,249.1774,66.15186,boss
1237655123930120376,172.10426,3.6137901,0.2682695,GALAXY,0.2682695,186.0657,9.95938,boss
1237651755080680137,172.19061,3.4679173,0.5939981,GALAXY,0.5939981,247.0323,35.40941,boss
1237654031402598473,172.2023,3.4899886,0.1085632,GALAXY,0.1085632,0,62.95116,boss
1237651755080614482,172.14442,3.3242356,0.3766454,GALAXY,0.3766454,229.6258,17.43022,boss
1237651755080614534,172.16141,3.4701484,0.5957469,GALAXY,0.5957469,287.3905,46.2121,boss
1237655123930055093,172.03472,3.7137343,0.6113982,GALAXY,0.6113982,331.3742,92.06966,boss
1237655123930120579,172.12877,3.7355067,0.3708856,GALAXY,0.3708856,174.8838,16.15111,boss
1237654604257231349,172.08442,3.8297064,0.4478477,GALAXY,0.4478477,220.9791,32.74525,boss
1237655123930120723,172.19249,3.7671745,0.3696278,GALAXY,0.3696278,235.8945,22.77364,boss
1237654604257231557,172.17698,3.8602944,0.5197073,GALAXY,0.5197073,169.4007,22.53689,boss
1237654604257231338,172.08004,3.8574058,0.3739982,GALAXY,0.3739982,164.2175,34.32734,boss
1237654604257296853,172.19484,4.0225456,0.5031317,GALAXY,0.5031317,260.2207,57.43665,boss
1237654604257231921,172.16862,3.8781481,0.5086382,GALAXY,0.5086382,355.8555,71.05849,boss
1237655124466991564,172.1762,4.1058619,0.5943251,GALAXY,0.5943251,256.2038,86.96423,boss
1237654604257231368,172.08897,4.0002172,0.4165412,GALAXY,0.4165412,201.1422,32.44262,boss
1237654604257231292,172.0571,3.9668716,0.358676,GALAXY,0.358676,222.1525,27.21262,boss
1237654604794102621,172.15241,4.2658388,0.6460444,GALAXY,0.6460444,362.4718,75.93264,boss
1237655124466991555,172.16933,4.1740828,0.3592832,GALAXY,0.3592832,288.4326,28.44922,boss
1237655124466926117,172.0571,4.1631416,0.4834858,GALAXY,0.4834858,437.0645,90.04266,boss
1237654604257231086,172.04493,3.8976149,0.3586746,GALAXY,0.3586746,238.9027,20.25114,boss
1237651754543743525,172.15678,2.9089245,0.5258586,GALAXY,0.5258586,236.6773,36.56725,boss
1237654030865662377,172.0199,3.1625344,0.3542615,GALAXY,0.3542615,200.0024,22.38803,boss
1237654030865727861,172.1247,3.1695613,0.5925574,GALAXY,0.5925574,216.5773,35.42242,boss
1237651755080548814,171.96306,3.3089814,0.4393536,GALAXY,0.4393536,176.8094,22.10316,boss
1237651754543743721,172.16385,2.9468241,0.5273528,GALAXY,0.5273528,235.6294,42.60989,boss
1237651755080614618,172.05014,3.3051963,0.5948974,GALAXY,0.5948974,187.0156,32.40101,boss
1237651755080548707,171.92111,3.3520012,0.3401739,GALAXY,0.3401739,199.1631,18.382,boss
1237654030865728255,172.13761,3.2304791,0.6467279,GALAXY,0.6467279,183.4799,50.72341,boss
1237651755080549055,172.00229,3.4275028,0.5252209,GALAXY,0.5252209,220.9401,60.35588,boss
1237651755080548899,172.01165,3.4082624,0.5274348,GALAXY,0.5274348,273.7772,36.32847,boss
1237654031402467830,171.90875,3.5168407,0.5242902,GALAXY,0.5242902,244.1506,36.05076,boss
1237654031402533384,172.05525,3.5239871,0.4691401,GALAXY,0.4691401,269.1755,38.31031,boss
1237655123930054697,172.07092,3.6145138,0.2751428,GALAXY,0.2751428,232.7122,13.04049,boss
1237654031402533201,171.98263,3.5081597,0.4762479,GALAXY,0.4762479,251.3024,29.39245,boss
1237654604257166240,171.97732,3.9332766,0.5262496,GALAXY,0.5262496,179.4375,39.25568,boss
1237655123929989302,171.92716,3.7335485,0.344164,GALAXY,0.344164,234.5468,19.64299,boss
1237655124466860466,171.84851,4.0461379,0.4518102,GALAXY,0.4518102,234.1503,35.72577,boss
1237655123929989200,171.8226,3.7559192,0.03522791,GALAXY,0.03522791,110.9118,2.544342,boss
1237655123930054749,171.97459,3.6819054,0.1918676,GALAXY,0.1918676,270.5826,8.290434,boss
1237655124466925991,171.98697,4.0439473,0.4482288,GALAXY,0.4482288,126.4603,44.83974,boss
1237654604257166109,171.89522,3.9750814,0.7406074,GALAXY,0.7406074,143.0338,39.24092,boss
1237655124466860335,171.92607,4.0768977,0.3462292,GALAXY,0.3462292,306.6653,35.59733,boss
1237655124466925848,171.93116,4.1689056,0.3567388,GALAXY,0.3567388,286.2577,25.284,boss
1237655124466860524,171.87252,4.0947969,0.4484372,GALAXY,0.4484372,222.1133,27.93189,boss
1237654604794036947,171.92422,4.2446388,0.5684803,GALAXY,0.5684803,341.619,62.49332,boss
1237654604794036608,171.89371,4.2686838,0.4967784,GALAXY,0.4967784,294.5858,46.07776,boss
1237654604257165916,171.97487,4.0286788,0.3574552,GALAXY,0.3574552,267.968,27.72356,boss
1237654604793971324,171.85754,4.3317684,0.5310546,GALAXY,0.5310546,171.4638,25.03517,boss
1237654030865596766,171.84301,3.0783089,0.5952482,GALAXY,0.5952482,251.108,41.54093,boss
1237651755080548712,171.92187,3.2878735,0.5925955,GALAXY,0.5925955,401.6057,91.24255,boss
1237654030865531782,171.81394,3.1092021,0.5951868,GALAXY,0.5951868,60.84029,44.07195,boss
1237654030865531349,171.71937,3.1526352,0.5252791,GALAXY,0.5252791,229.4633,34.91694,boss
1237651755080483395,171.86103,3.4343704,0.3130018,GALAXY,0.3130018,13.98208,57.75383,boss
1237651755080483349,171.83577,3.3935378,0.613831,GALAXY,0.613831,260.6452,33.18245,boss
1237651755080483306,171.81197,3.3522464,0.6092248,GALAXY,0.6092248,276.688,48.1271,boss
1237651755080417703,171.64179,3.3464175,0.4631518,GALAXY,0.4631518,294.1927,64.0128,boss
1237654030865531267,171.68763,3.2082618,0.5101856,GALAXY,0.5101856,198.6177,47.12001,boss
1237654030865531462,171.77168,3.1704562,0.5964622,GALAXY,0.5964622,242.9888,41.33249,boss
1237651755080417517,171.65877,3.4322672,0.4016474,GALAXY,0.4016474,850,-3,boss
1237654031402402319,171.79015,3.5356735,0.4688847,GALAXY,0.4688847,248.5885,45.68632,boss
1237651755080418003,171.69417,3.4689618,0.6577169,GALAXY,0.6577169,322.7826,55.48669,boss
1237654031402337008,171.6537,3.5102037,0.6543085,GALAXY,0.6543085,143.099,61.72134,boss
1237655123929989380,171.81723,3.6378638,0.5244849,GALAXY,0.5244849,224.8779,34.92318,boss
1237654604257100425,171.72615,3.9163669,0.605786,GALAXY,0.605786,104.7987,39.89417,boss
1237655123929923758,171.69757,3.6537029,0.5472367,GALAXY,0.5472367,123.1371,47.02832,boss
1237655124466794933,171.76168,4.1280571,0.4686657,GALAXY,0.4686657,344.3118,84.79983,boss
1237654604257100184,171.769,3.8672869,0.5138202,GALAXY,0.5138202,0,32.68711,boss
1237654604257034854,171.72453,3.9447457,0.5235169,GALAXY,0.5235169,315.2188,57.39968,boss
1237655124466794820,171.6838,4.0347124,0.4531969,GALAXY,0.4531969,194.8996,44.24856,boss
1237655124466795034,171.72599,4.108876,0.4714685,GALAXY,0.4714685,165.4103,47.56031,boss
1237654604257099981,171.72476,4.0055896,0.3548467,GALAXY,0.3548467,134.101,27.26393,boss
1237655124466795029,171.72086,4.1963237,0.5517927,GALAXY,0.5517927,177.0945,58.46273,boss
1237654604257034743,171.67184,3.8321092,0.3545394,GALAXY,0.3545394,210.6411,21.36564,boss
1237655124466794815,171.67753,4.1593994,0.4714554,GALAXY,0.4714554,160.0349,26.87463,boss
1237655124466795035,171.73144,4.1652619,0.4714603,GALAXY,0.4714603,228.1241,38.86863,boss
1237655124466794956,171.77647,4.1498942,0.4723107,GALAXY,0.4723107,257.1916,47.66573,boss
1237654604793905767,171.68258,4.2618609,0.5848168,GALAXY,0.5848168,214.4802,43.08226,boss
1237655124466794827,171.68502,4.1861481,0.3618943,GALAXY,0.3618943,218.0432,27.30658,boss
1237654030865465434,171.59483,3.2512582,0.5166655,GALAXY,0.5166655,275.1461,49.92692,boss
1237651755080417658,171.62001,3.2948702,0.5146901,GALAXY,0.5146901,336.0227,45.99677,boss
1237651755080417627,171.60718,3.3165651,0.5198571,GALAXY,0.5198571,270.4597,62.37449,boss
1237651755080352334,171.55922,3.4214552,0.5720565,GALAXY,0.5720565,279.0438,45.7891,boss
1237654030865466109,171.6597,3.195429,0.6067325,GALAXY,0.6067325,232.9416,72.72727,boss
1237654031402337064,171.52911,3.5006641,0.6641871,GALAXY,0.6641871,278.9893,81.25388,boss
1237654605331628753,173.62751,4.8573495,0.5739861,GALAXY,0.5739861,193.9227,30.16051,boss
1237654605331694243,173.76702,4.7938118,0.6494911,GALAXY,0.6494911,278.2396,80.45383,boss
1237655125004517651,173.60667,4.5466158,0.44339,GALAXY,0.44339,249.091,29.39121,boss
1237654605331693770,173.74897,4.8560479,0.6442493,GALAXY,0.6442493,0,31.29444,boss
1237654605331694054,173.71268,4.7333892,0.5914116,GALAXY,0.5914116,161.5636,29.79743,boss
1237654605331694055,173.71249,4.7707281,0.5968923,GALAXY,0.5968923,297.0131,50.56485,boss
1237654605331694183,173.75026,4.698783,0.4727549,GALAXY,0.4727549,77.7514,47.00802,boss
1237654605331694522,173.75147,4.7424602,0.5907255,GALAXY,0.5907255,234.261,58.55074,boss
1237654605331693786,173.66802,4.7887256,0.525434,GALAXY,0.525434,218.2571,31.77206,boss
1237655125004518048,173.6974,4.5250909,0.6425997,GALAXY,0.6425997,350.0698,54.87148,boss
1237654604794823606,173.74797,4.4306764,0.5688431,GALAXY,0.5688431,281.3702,44.6039,boss
1237654604794757945,173.60813,4.3554523,0.3331956,GALAXY,0.3331956,196.9885,32.31829,boss
1237655125004517777,173.67321,4.5137866,0.4488442,GALAXY,0.4488442,220.7982,35.14362,boss
1237654605331628232,173.61172,4.6992751,0.243295,GALAXY,0.243295,209.8601,15.92809,boss
1237654604794823076,173.68092,4.4754406,0.5323277,GALAXY,0.5323277,259.6202,41.52694,boss
1237654605331693777,173.7928,4.8746935,0.3538814,GALAXY,0.3538814,235.1172,21.79849,boss
1237654605331759568,173.83118,4.83681,0.5332131,GALAXY,0.5332131,13.52818,42.33308,boss
1237654605331759162,173.88485,4.788641,0.5723277,GALAXY,0.5723277,224.6159,24.9878,boss
1237654605331759358,173.86084,4.8340425,0.3541198,GALAXY,0.3541198,196.982,15.39458,boss
1237655125004648727,173.87682,4.6498421,0.4810552,GALAXY,0.4810552,132.5516,27.28275,boss
0,173.87904,4.5132687,0.9941044,GALAXY,0.9941044,0,0,boss
1237655125004648614,173.9121,4.6014016,0.2844315,GALAXY,0.2844315,231.8793,13.43388,boss
1237654605331825047,173.9825,4.708428,0.4422123,GALAXY,0.4422123,251.5516,28.16788,boss
1237655125004583206,173.77565,4.5145012,0.569333,GALAXY,0.569333,246.9274,36.19807,boss
1237654604794889240,173.82453,4.4330125,0.6355097,GALAXY,0.6355097,340.7962,68.94887,boss
1237654604256969209,171.54214,3.8861585,0.3531878,GALAXY,0.3531878,160.0075,27.10113,boss
1237654604256969325,171.48581,3.9113342,0.6034103,GALAXY,0.6034103,290.5058,73.64597,boss
1237654604793839979,171.43462,4.3471222,0.5213565,GALAXY,0.5213565,263.328,63.92334,boss
1237655125003600270,171.60073,4.4965632,0.5632247,GALAXY,0.5632247,0,326.5986,boss
1237655125003665724,171.68351,4.4789438,0.4684575,GALAXY,0.4684575,210.8677,29.42848,boss
1237654604256904164,171.38027,3.8971052,0.7405651,GALAXY,0.7405651,237.1522,65.70412,boss
1237655124466663829,171.38889,4.1003717,0.3762943,GALAXY,0.3762943,268.6706,26.23921,boss
1237654604256903673,171.29777,4.0095015,0.3531459,GALAXY,0.3531459,174.984,19.9374,boss
1237654031402074691,171.03788,3.5830129,0.4716398,GALAXY,0.4716398,146.0692,27.68929,boss
1237651755080089862,170.86719,3.4675023,0.5068932,GALAXY,0.5068932,235.9255,35.66581,boss
